80207090_20_0x0100_spectro::lyser_INFLUENTV120	This file contains data of the current measurement.         
Date/Time	Status	TSSeq [mg/l]3000.00-0.00_1	[TSSeq_0.0000_0.3995_0.0000_0.0000]	NO3-Neq [mg/l]40.00-0.00_1	[NO3-Neq_0.0000_0.0000_0.0000_0.0000]	CODeq [mg/l]3750.00-0.00_1	[CODeq_2.4443_0.9996_0.0000_0.0000]	CODfeq [mg/l]1250.00-0.00_1	[CODfeq_-4.8229_1.3661_0.0000_0.0000]	NH4-N [ppm]19.80-0.10_2	[NH4-N_0.0_1.0_0.0_0.0]	K [ppm]55.00-0.10_1	[K_0.0_1.0_0.0_0.0]	pH [pH]12.00-2.00_2	[pH_0.0_1.0_0.0_0.0]	Temp. [°C]100.00--10.00_1	[Temp._0.0_1.0_0.0_0.0]
2020.02.07  09:26:00	Failure	112.224	0	0	0	519.988	0	128.672	0	53.310	9	11.600	0	7.260	0	17.200	0
2020.02.07  09:26:00	Failure	109.088	0	0	0	522.247	0	165.571	0	53.220	9	11.500	0	7.270	0	17.200	0
2020.02.07  09:27:00	Failure	101.514	0	0	0	510.268	0	149.045	0	53.900	9	11.400	0	7.290	0	17.200	0
2020.02.07  09:28:00	Failure	101.725	0	0	0	505.976	0	134.026	0	53.870	9	11.400	0	7.290	0	17.200	0
2020.02.07  09:29:00	Failure	105.798	0	0	0	514.302	0	143.278	0	53.810	9	11.400	0	7.300	0	17.200	0
2020.02.07  09:30:00	Failure	100.426	0	0	0	502.335	0	139.934	0	54.080	9	11.400	0	7.310	0	17.200	0
2020.02.07  09:31:00	Failure	104.428	0	0	0	526.990	0	140.361	0	53.920	9	11.400	0	7.300	0	17.200	0
2020.02.07  09:32:00	Failure	102.885	0	0	0	519.991	0	150.276	0	53.950	9	11.400	0	7.300	0	17.200	0
2020.02.07  09:33:00	Failure	105.148	0	0	0	522.344	0	153.237	0	54.320	9	11.400	0	7.320	0	17.200	0
2020.02.07  09:34:00	Failure	98.286	0	0	0	500.276	0	140.256	0	54.230	9	11.400	0	7.310	0	17.100	0
2020.02.07  09:35:00	Failure	103.044	0	0	0	516.413	0	143.426	0	54.340	9	11.400	0	7.310	0	17.100	0
2020.02.07  09:36:00	Failure	100.333	0	0	0	510.896	0	147.326	0	54.630	9	11.400	0	7.320	0	17.100	0
2020.02.07  09:37:00	Failure	103.230	0	0	0	520.426	0	150.630	0	54.510	9	11.400	0	7.320	0	17.100	0
2020.02.07  09:38:00	Failure	99.750	0	0	0	504.932	0	143.223	0	54.520	9	11.400	0	7.320	0	17.100	0
2020.02.07  09:39:00	Failure	97.223	0	0	0	513.816	0	147.597	0	55.020	9	11.400	0	7.350	0	17.100	0
2020.02.07  09:40:00	Failure	100.836	0	0	0	511.152	0	137.856	0	55.010	9	11.400	0	7.340	0	17.100	0
2020.02.07  09:41:00	Failure	96.151	0	0	0	507.515	0	152.049	0	55.150	9	11.400	0	7.340	0	17.100	0
2020.02.07  09:42:00	Failure	102.607	0	0	0	500.756	0	149.515	0	55.440	9	11.400	0	7.350	0	17.100	0
2020.02.07  09:43:00	Failure	102.260	0	0	0	512.108	0	148.164	0	55.260	9	11.400	0	7.350	0	17.100	0
2020.02.07  09:44:00	Failure	100.370	0	0	0	514.266	0	140.688	0	55.190	9	11.400	0	7.350	0	17.100	0
2020.02.07  09:45:00	Failure	94.530	0	0	0	496.686	0	141.801	0	55.620	9	11.300	0	7.360	0	17.100	0
2020.02.07  09:46:00	Failure	98.670	0	0	0	507.837	0	153.474	0	55.510	9	11.400	0	7.350	0	17.100	0
2020.02.07  09:47:00	Failure	100.827	0	0	0	511.902	0	145.076	0	55.640	9	11.500	0	7.350	0	17.100	0
2020.02.07  09:48:00	Failure	98.561	0	0	0	509.644	0	159.266	0	55.980	9	11.400	0	7.370	0	17.100	0
2020.02.07  09:49:00	Failure	97.958	0	0	0	498.697	0	141.283	0	56.020	9	11.400	0	7.360	0	17.100	0
2020.02.07  09:50:00	Failure	99.548	0	0	0	509.989	0	163.779	0	56.140	9	11.500	0	7.360	0	17.100	0
2020.02.07  09:51:00	Failure	106.296	0	0	0	510.165	0	133.724	0	56.240	9	11.400	0	7.380	0	17.100	0
2020.02.07  09:52:00	Failure	101.139	0	0	0	509.756	0	137.745	0	56.190	9	11.400	0	7.370	0	17.100	0
2020.02.07  09:53:00	Failure	99.835	0	0	0	512.701	0	147.756	0	56.250	9	11.400	0	7.360	0	17.100	0
2020.02.07  09:54:00	Failure	99.692	0	0	0	498.922	0	152.269	0	56.460	9	11.400	0	7.390	0	17.100	0
2020.02.07  09:55:00	Failure	101.391	0	0	0	519.115	0	158.338	0	56.670	9	11.400	0	7.370	0	17.100	0
2020.02.07  09:56:00	Failure	99.913	0	0	0	509.031	0	140.439	0	56.680	9	11.500	0	7.370	0	17.100	0
2020.02.07  09:57:00	Failure	92.621	0	0	0	505.184	0	138.698	0	56.500	9	11.400	0	7.390	0	17.100	0
2020.02.07  09:58:00	Failure	97.028	0	0	0	503.724	0	152.109	0	56.130	9	11.400	0	7.380	0	17.100	0
2020.02.07  09:59:00	Failure	98.977	0	0	0	502.562	0	149.653	0	56.120	9	11.400	0	7.380	0	17.100	0
2020.02.07  10:00:00	Failure	97.552	0	0	0	498.485	0	154.198	0	56.520	9	11.400	0	7.390	0	17.100	0
2020.02.07  10:01:00	Failure	96.885	0	0	0	518.313	0	161.164	0	56.430	9	11.500	0	7.380	0	17.100	0
2020.02.07  10:02:00	Failure	102.105	0	0	0	513.043	0	143.756	0	56.540	9	11.500	0	7.370	0	17.100	0
2020.02.07  10:03:00	Failure	95.411	0	0	0	509.484	0	151.360	0	56.860	9	11.400	0	7.390	0	17.100	0
2020.02.07  10:04:00	Failure	98.586	0	0	0	511.837	0	142.455	0	56.800	9	11.500	0	7.380	0	17.100	0
2020.02.07  10:05:00	Failure	98.049	0	0	0	514.635	0	157.927	0	56.940	9	11.500	0	7.370	0	17.100	0
2020.02.07  10:06:00	Failure	98.499	0	0	0	500.656	0	133.647	0	57.030	9	11.400	0	7.400	0	17.100	0
2020.02.07  10:07:00	Failure	98.654	0	0	0	504.472	0	148.995	0	56.820	9	11.400	0	7.390	0	17.100	0
2020.02.07  10:08:00	Failure	99.489	0	0	0	502.369	0	136.599	0	56.870	9	11.500	0	7.380	0	17.100	0
2020.02.07  10:09:00	Failure	94.108	0	0	0	499.014	0	149.583	0	56.980	9	11.400	0	7.390	0	17.100	0
2020.02.07  10:10:00	Failure	99.465	0	0	0	506.858	0	133.989	0	56.900	9	11.500	0	7.380	0	17.100	0
2020.02.07  10:11:00	Failure	100.350	0	0	0	507.982	0	146.602	0	57.000	9	11.500	0	7.380	0	17.100	0
2020.02.07  10:12:00	Failure	94.988	0	0	0	495.821	0	153.220	0	57.210	9	11.400	0	7.400	0	17.100	0
2020.02.07  10:13:00	Failure	97.690	0	0	0	506.199	0	157.941	0	57.190	9	11.500	0	7.390	0	17.100	0
2020.02.07  10:14:00	Failure	97.079	0	0	0	503.918	0	141.227	0	57.330	9	11.500	0	7.380	0	17.100	0
2020.02.07  10:15:00	Failure	99.425	0	0	0	507.616	0	160.399	0	57.600	9	11.500	0	7.380	0	17.100	0
2020.02.07  10:16:00	Failure	93.468	0	0	0	501.260	0	159.297	0	57.440	9	11.600	0	7.370	0	17.200	0
2020.02.07  10:17:00	Failure	98.488	0	0	0	501.155	0	134.524	0	57.450	9	11.600	0	7.370	0	17.200	0
2020.02.07  10:18:00	Failure	98.726	0	0	0	510.458	0	156.672	0	57.860	9	11.600	0	7.390	0	17.200	0
2020.02.07  10:19:00	Failure	95.444	0	0	0	501.444	0	160.830	0	57.780	9	11.600	0	7.380	0	17.200	0
2020.02.07  10:20:00	Failure	103.093	0	0	0	502.017	0	153.825	0	57.740	9	11.600	0	7.380	0	17.200	0
2020.02.07  10:21:00	Failure	94.667	0	0	0	512.672	0	156.639	0	57.970	9	11.600	0	7.400	0	17.200	0
2020.02.07  10:22:00	Failure	96.381	0	0	0	507.802	0	141.636	0	57.950	9	11.600	0	7.390	0	17.200	0
2020.02.07  10:23:00	Failure	100.120	0	0	0	505.065	0	155.389	0	57.930	9	11.600	0	7.390	0	17.200	0
2020.02.07  10:24:00	Failure	103.371	0	0	0	514.273	0	144.484	0	58.060	9	11.600	0	7.400	0	17.200	0
2020.02.07  10:25:00	Failure	108.926	0	0	0	503.562	0	141.090	0	58.090	9	11.600	0	7.390	0	17.200	0
2020.02.07  10:26:00	Failure	111.585	0	0	0	531.524	0	139.056	0	58.060	9	11.600	0	7.390	0	17.200	0
2020.02.07  10:27:00	Failure	98.777	0	0	0	499.266	0	162.558	0	58.220	9	11.600	0	7.420	0	17.200	0
2020.02.07  10:28:00	Failure	95.299	0	0	0	496.768	0	149.885	0	58.240	9	11.600	0	7.410	0	17.200	0
2020.02.07  10:29:00	Failure	104.219	0	0	0	514.439	0	151.017	0	58.190	9	11.600	0	7.420	0	17.200	0
2020.02.07  10:30:00	Failure	97.674	0	0	0	506.575	0	151.160	0	58.090	9	11.500	0	7.440	0	17.200	0
2020.02.07  10:31:00	Failure	98.027	0	0	0	508.749	0	146.122	0	57.880	9	11.500	0	7.430	0	17.200	0
2020.02.07  10:32:00	Failure	96.993	0	0	0	495.648	0	144.584	0	57.910	9	11.500	0	7.430	0	17.200	0
2020.02.07  10:33:00	Failure	98.968	0	0	0	507.877	0	154.490	0	58.350	9	11.500	0	7.440	0	17.200	0
2020.02.07  10:34:00	Failure	97.819	0	0	0	504.352	0	143.659	0	58.490	9	11.500	0	7.420	0	17.200	0
2020.02.07  10:35:00	Failure	101.586	0	0	0	514.966	0	142.460	0	58.720	9	11.600	0	7.420	0	17.200	0
2020.02.07  10:36:00	Failure	97.322	0	0	0	510.807	0	155.417	0	58.740	9	11.500	0	7.440	0	17.200	0
2020.02.07  10:37:00	Failure	96.924	0	0	0	500.023	0	147.333	0	58.540	9	11.500	0	7.430	0	17.200	0
2020.02.07  10:38:00	Failure	100.580	0	0	0	499.534	0	160.740	0	58.670	9	11.600	0	7.420	0	17.200	0
2020.02.07  10:39:00	Failure	97.258	0	0	0	505.625	0	156.364	0	58.780	9	11.600	0	7.440	0	17.200	0
2020.02.07  10:40:00	Failure	96.345	0	0	0	507.254	0	140.217	0	58.890	9	11.600	0	7.430	0	17.200	0
2020.02.07  10:41:00	Failure	98.181	0	0	0	502.645	0	149.736	0	59.030	9	11.600	0	7.430	0	17.200	0
2020.02.07  10:42:00	Failure	93.300	0	0	0	501.763	0	148.135	0	58.980	9	11.600	0	7.440	0	17.200	0
2020.02.07  10:43:00	Failure	97.423	0	0	0	502.143	0	141.989	0	58.800	9	11.600	0	7.430	0	17.200	0
2020.02.07  10:44:00	Failure	98.209	0	0	0	501.381	0	162.753	0	58.810	9	11.600	0	7.430	0	17.200	0
2020.02.07  10:45:00	Failure	95.613	0	0	0	502.340	0	154.124	0	58.930	9	11.500	0	7.450	0	17.200	0
2020.02.07  10:46:00	Failure	92.839	0	0	0	497.853	0	158.655	0	58.660	9	11.500	0	7.450	0	17.200	0
2020.02.07  10:47:00	Failure	101.025	0	0	0	505.617	0	147.744	0	58.750	9	11.600	0	7.440	0	17.200	0
2020.02.07  10:48:00	Failure	96.270	0	0	0	497.852	0	143.569	0	59.150	9	11.500	0	7.450	0	17.200	0
2020.02.07  10:49:00	Failure	97.446	0	0	0	502.586	0	152.033	0	59.160	9	11.500	0	7.440	0	17.200	0
2020.02.07  10:50:00	Failure	98.060	0	0	0	489.435	0	145.328	0	59.240	9	11.600	0	7.440	0	17.200	0
2020.02.07  10:51:00	Failure	95.183	0	0	0	493.684	0	173.019	0	59.520	9	11.600	0	7.460	0	17.200	0
2020.02.07  10:52:00	Failure	98.849	0	0	0	509.942	0	144.449	0	59.700	9	11.600	0	7.450	0	17.200	0
2020.02.07  10:53:00	Failure	100.933	0	0	0	504.527	0	142.972	0	59.900	9	11.700	0	7.440	0	17.200	0
2020.02.07  10:54:00	Failure	96.608	0	0	0	500.692	0	156.973	0	59.960	9	11.600	0	7.450	0	17.200	0
2020.02.07  10:55:00	Failure	98.653	0	0	0	495.086	0	141.673	0	59.890	9	11.600	0	7.440	0	17.200	0
2020.02.07  10:56:00	Failure	98.960	0	0	0	511.991	0	156.684	0	59.910	9	11.700	0	7.440	0	17.200	0
2020.02.07  10:57:00	Failure	98.276	0	0	0	501.568	0	154.746	0	59.940	9	11.600	0	7.460	0	17.200	0
2020.02.07  10:58:00	Failure	97.450	0	0	0	502.645	0	140.392	0	59.720	9	11.700	0	7.450	0	17.200	0
2020.02.07  10:59:00	Failure	96.796	0	0	0	500.516	0	149.255	0	59.710	9	11.700	0	7.450	0	17.200	0
2020.02.07  11:00:00	Failure	96.180	0	0	0	503.709	0	158.419	0	60.070	9	11.600	0	7.460	0	17.200	0
2020.02.07  11:01:00	Failure	97.203	0	0	0	503.438	0	161.666	0	60.030	9	11.700	0	7.460	0	17.200	0
2020.02.07  11:02:00	Failure	125.233	0	0	0	525.873	0	144.184	0	60.060	9	11.700	0	7.450	0	17.200	0
2020.02.07  11:03:00	Failure	97.504	0	0	0	507.936	0	154.006	0	60.350	9	11.700	0	7.470	0	17.200	0
2020.02.07  11:04:00	Failure	95.265	0	0	0	500.390	0	144.442	0	60.370	9	11.700	0	7.460	0	17.200	0
2020.02.07  11:05:00	Failure	96.181	0	0	0	500.490	0	141.659	0	60.500	9	11.800	0	7.450	0	17.200	0
2020.02.07  11:06:00	Failure	92.950	0	0	0	499.523	0	143.203	0	60.360	9	11.600	0	7.470	0	17.200	0
2020.02.07  11:07:00	Failure	97.958	0	0	0	512.055	0	151.853	0	60.250	9	11.700	0	7.470	0	17.200	0
2020.02.07  11:08:00	Failure	94.723	0	0	0	492.768	0	157.965	0	60.410	9	11.800	0	7.450	0	17.200	0
2020.02.07  11:09:00	Failure	92.783	0	0	0	492.345	0	143.417	0	60.620	9	11.700	0	7.480	0	17.200	0
2020.02.07  11:10:00	Failure	94.652	0	0	0	494.271	0	153.222	0	60.740	9	11.700	0	7.470	0	17.200	0
2020.02.07  11:11:00	Failure	98.399	0	0	0	502.830	0	145.770	0	60.840	9	11.700	0	7.470	0	17.200	0
2020.02.07  11:12:00	Failure	93.437	0	0	0	501.218	0	145.911	0	60.990	9	11.700	0	7.490	0	17.200	0
2020.02.07  11:13:00	Failure	94.330	0	0	0	494.348	0	161.224	0	60.890	9	11.700	0	7.480	0	17.200	0
2020.02.07  11:14:00	Failure	95.565	0	0	0	498.922	0	148.684	0	61.130	9	11.800	0	7.460	0	17.200	0
2020.02.07  11:15:00	Failure	91.444	0	0	0	493.386	0	160.571	0	61.380	9	11.800	0	7.470	0	17.200	0
2020.02.07  11:16:00	Failure	93.031	0	0	0	502.569	0	155.166	0	61.430	9	11.800	0	7.460	0	17.200	0
2020.02.07  11:17:00	Failure	97.018	0	0	0	500.344	0	151.405	0	61.530	9	11.900	0	7.450	0	17.200	0
2020.02.07  11:18:00	Failure	94.905	0	0	0	503.355	0	138.660	0	61.590	9	11.800	0	7.470	0	17.200	0
2020.02.07  11:19:00	Failure	98.835	0	0	0	502.355	0	153.433	0	61.600	9	11.800	0	7.470	0	17.200	0
2020.02.07  11:20:00	Failure	99.370	0	0	0	502.896	0	145.585	0	61.630	9	11.900	0	7.460	0	17.200	0
2020.02.07  11:21:00	Failure	97.702	0	0	0	503.775	0	144.430	0	61.720	9	11.800	0	7.480	0	17.200	0
2020.02.07  11:22:00	Failure	99.095	0	0	0	497.751	0	141.304	0	61.660	9	11.800	0	7.480	0	17.200	0
2020.02.07  11:23:00	Failure	101.333	0	0	0	506.469	0	146.742	0	61.590	9	11.800	0	7.480	0	17.200	0
2020.02.07  11:24:00	Failure	98.288	0	0	0	501.616	0	154.384	0	61.820	9	11.800	0	7.490	0	17.200	0
2020.02.07  11:25:00	Failure	107.941	0	0	0	516.571	0	151.017	0	61.860	9	11.800	0	7.480	0	17.200	0
2020.02.07  11:26:00	Failure	108.167	0	0	0	517.812	0	156.214	0	61.830	9	11.800	0	7.480	0	17.200	0
2020.02.07  11:27:00	Failure	90.557	0	0	0	497.274	0	158.637	0	61.850	9	11.800	0	7.500	0	17.200	0
2020.02.07  11:28:00	Failure	93.114	0	0	0	487.411	0	150.055	0	61.850	9	11.800	0	7.490	0	17.200	0
