80207090_20_0x0100_spectro::lyser_INFLUENTV120	This file contains data of the current measurement.         
Date/Time	Status	TSSeq [mg/l]3000.00-0.00_1	[TSSeq_0.0000_0.3995_0.0000_0.0000]	NO3-Neq [mg/l]40.00-0.00_1	[NO3-Neq_0.0000_0.0000_0.0000_0.0000]	CODeq [mg/l]3750.00-0.00_1	[CODeq_2.4443_0.9996_0.0000_0.0000]	CODfeq [mg/l]1250.00-0.00_1	[CODfeq_-4.8229_1.3661_0.0000_0.0000]	NH4-N [ppm]19.80-0.10_2	[NH4-N_0.0_1.0_0.0_0.0]	K [ppm]55.00-0.10_1	[K_0.0_1.0_0.0_0.0]	pH [pH]12.00-2.00_2	[pH_0.0_1.0_0.0_0.0]	Temp. [°C]100.00--10.00_1	[Temp._0.0_1.0_0.0_0.0]
2020.02.03  22:45:00	Failure	72.922	0	0	0	412.639	0	131.958	0	61.930	9	10.700	0	7.650	0	17.700	0
2020.02.03  22:46:00	Failure	73.722	0	0	0	396.745	0	125.370	0	62.220	9	10.800	0	7.640	0	17.700	0
2020.02.03  22:47:00	Failure	71.288	0	0	0	398.603	0	115.849	0	61.800	9	10.700	0	7.640	0	17.700	0
2020.02.03  22:48:00	Failure	76.749	0	0	0	415.175	0	139.029	0	61.940	9	10.800	0	7.650	0	17.700	0
2020.02.03  22:49:00	Failure	75.378	0	0	0	410.717	0	137.350	0	62.120	9	10.800	0	7.640	0	17.700	0
2020.02.03  22:50:00	Failure	71.765	0	0	0	390.507	0	137.963	0	61.850	9	10.800	0	7.640	0	17.700	0
2020.02.03  22:51:00	Failure	69.646	0	0	0	399.318	0	130.311	0	62.010	9	10.800	0	7.650	0	17.700	0
2020.02.03  22:52:00	Failure	72.968	0	0	0	402.660	0	137.935	0	62.140	9	10.800	0	7.650	0	17.700	0
2020.02.03  22:53:00	Failure	76.175	0	0	0	403.640	0	127.910	0	61.600	9	10.800	0	7.650	0	17.700	0
2020.02.03  22:54:00	Failure	75.524	0	0	0	398.869	0	133.197	0	61.950	9	10.800	0	7.650	0	17.700	0
2020.02.03  22:55:00	Failure	74.080	0	0	0	397.439	0	125.733	0	62.000	9	10.900	0	7.650	0	17.700	0
2020.02.03  22:56:00	Failure	73.189	0	0	0	403.179	0	130.494	0	61.740	9	10.700	0	7.650	0	17.700	0
2020.02.03  22:57:00	Failure	73.244	0	0	0	404.671	0	134.409	0	62.030	9	10.800	0	7.640	0	17.700	0
2020.02.03  22:58:00	Failure	71.584	0	0	0	396.595	0	131.750	0	62.140	9	10.800	0	7.640	0	17.700	0
2020.02.03  22:59:00	Failure	75.750	0	0	0	409.051	0	123.778	0	61.900	9	10.800	0	7.640	0	17.700	0
2020.02.03  23:00:00	Failure	71.460	0	0	0	404.731	0	139.613	0	62.240	9	10.900	0	7.640	0	17.700	0
2020.02.03  23:01:00	Failure	71.119	0	0	0	400.632	0	135.564	0	62.320	9	10.900	0	7.640	0	17.800	0
2020.02.03  23:02:00	Failure	70.334	0	0	0	394.102	0	138.828	0	61.830	9	10.800	0	7.640	0	17.800	0
2020.02.03  23:03:00	Failure	73.681	0	0	0	395.821	0	134.559	0	62.110	9	10.900	0	7.640	0	17.800	0
2020.02.03  23:04:00	Failure	76.638	0	0	0	409.347	0	141.122	0	62.230	9	10.900	0	7.640	0	17.800	0
2020.02.03  23:05:00	Failure	70.921	0	0	0	403.991	0	129.119	0	61.550	9	10.700	0	7.640	0	17.800	0
2020.02.03  23:06:00	Failure	72.009	0	0	0	406.964	0	133.439	0	61.720	9	10.800	0	7.640	0	17.800	0
2020.02.03  23:07:00	Failure	74.838	0	0	0	401.193	0	134.448	0	61.680	9	10.800	0	7.640	0	17.800	0
2020.02.03  23:08:00	Failure	69.043	0	0	0	397.077	0	143.907	0	61.300	9	10.700	0	7.640	0	17.800	0
2020.02.03  23:09:00	Failure	71.995	0	0	0	404.408	0	149.862	0	61.440	9	10.800	0	7.640	0	17.800	0
2020.02.03  23:10:00	Failure	74.651	0	0	0	407.613	0	135.642	0	61.640	9	10.800	0	7.640	0	17.800	0
2020.02.03  23:11:00	Failure	68.951	0	0	0	392.802	0	134.781	0	61.450	9	10.800	0	7.640	0	17.800	0
2020.02.03  23:12:00	Failure	72.067	0	0	0	404.334	0	120.078	0	61.550	9	10.800	0	7.650	0	17.800	0
2020.02.03  23:13:00	Failure	74.878	0	0	0	399.739	0	127.065	0	61.900	9	10.900	0	7.640	0	17.800	0
2020.02.03  23:14:00	Failure	68.701	0	0	0	398.642	0	139.682	0	61.520	9	10.800	0	7.630	0	17.800	0
2020.02.03  23:15:00	Failure	72.032	0	0	0	398.644	0	130.696	0	61.830	9	10.900	0	7.620	0	17.900	0
2020.02.03  23:16:00	Failure	72.841	0	0	0	398.348	0	132.450	0	61.870	9	10.900	0	7.610	0	17.900	0
2020.02.03  23:17:00	Failure	73.117	0	0	0	397.969	0	125.448	0	61.300	9	10.700	0	7.620	0	17.900	0
2020.02.03  23:18:00	Failure	68.734	0	0	0	394.462	0	143.042	0	61.530	9	10.800	0	7.620	0	17.900	0
2020.02.03  23:19:00	Failure	72.326	0	0	0	403.186	0	125.153	0	61.600	9	10.800	0	7.620	0	17.900	0
2020.02.03  23:20:00	Failure	71.567	0	0	0	403.976	0	145.513	0	61.330	9	10.700	0	7.630	0	17.900	0
2020.02.03  23:21:00	Failure	76.001	0	0	0	406.653	0	125.794	0	61.590	9	10.800	0	7.630	0	17.900	0
2020.02.03  23:22:00	Failure	83.180	0	0	0	406.937	0	121.362	0	61.730	9	10.800	0	7.620	0	17.900	0
2020.02.03  23:23:00	Failure	74.727	0	0	0	409.932	0	134.321	0	61.170	9	10.700	0	7.630	0	17.900	0
2020.02.03  23:24:00	Failure	77.050	0	0	0	407.938	0	144.054	0	61.580	9	10.800	0	7.620	0	17.900	0
2020.02.03  23:25:00	Failure	76.504	0	0	0	405.482	0	129.527	0	61.640	9	10.800	0	7.620	0	17.900	0
2020.02.03  23:26:00	Failure	68.045	0	0	0	389.597	0	136.590	0	61.260	9	10.700	0	7.620	0	17.900	0
2020.02.03  23:27:00	Failure	76.724	0	0	0	399.082	0	130.752	0	61.450	9	10.700	0	7.620	0	17.900	0
2020.02.03  23:28:00	Failure	73.857	0	0	0	397.662	0	139.127	0	61.810	9	10.800	0	7.620	0	17.900	0
2020.02.03  23:29:00	Failure	75.697	0	0	0	409.504	0	126.165	0	61.370	9	10.700	0	7.630	0	17.900	0
2020.02.03  23:30:00	Failure	70.044	0	0	0	409.090	0	138.571	0	61.640	9	10.800	0	7.620	0	17.900	0
2020.02.03  23:31:00	Failure	72.082	0	0	0	395.305	0	136.131	0	61.920	9	10.800	0	7.620	0	17.900	0
2020.02.03  23:32:00	Failure	71.475	0	0	0	397.878	0	130.032	0	61.390	9	10.700	0	7.630	0	17.900	0
2020.02.03  23:33:00	Failure	69.311	0	0	0	390.365	0	140.671	0	61.810	9	10.800	0	7.630	0	18.000	0
2020.02.03  23:34:00	Failure	73.432	0	0	0	386.032	0	133.172	0	61.910	9	10.900	0	7.630	0	18.000	0
2020.02.03  23:35:00	Failure	74.465	0	0	0	395.180	0	142.808	0	61.700	9	10.800	0	7.630	0	18.000	0
2020.02.03  23:36:00	Failure	76.228	0	0	0	405.517	0	143.119	0	62.120	9	10.900	0	7.640	0	18.000	0
2020.02.03  23:37:00	Failure	76.468	0	0	0	406.820	0	124.932	0	62.450	9	11.000	0	7.630	0	18.000	0
2020.02.03  23:38:00	Failure	67.154	0	0	0	387.010	0	126.215	0	61.890	9	10.900	0	7.640	0	18.000	0
2020.02.03  23:39:00	Failure	72.917	0	0	0	401.076	0	131.288	0	62.480	9	11.000	0	7.630	0	18.000	0
2020.02.03  23:40:00	Failure	69.150	0	0	0	395.965	0	145.246	0	62.940	9	11.000	0	7.630	0	18.000	0
2020.02.03  23:41:00	Failure	69.977	0	0	0	390.283	0	123.932	0	61.620	9	10.800	0	7.640	0	18.000	0
2020.02.03  23:42:00	Failure	71.717	0	0	0	398.902	0	132.735	0	61.900	9	10.900	0	7.640	0	18.000	0
2020.02.03  23:43:00	Failure	73.006	0	0	0	388.005	0	124.815	0	62.100	9	10.900	0	7.630	0	18.000	0
2020.02.03  23:44:00	Failure	68.277	0	0	0	385.480	0	128.019	0	61.930	9	10.900	0	7.630	0	18.000	0
2020.02.03  23:45:00	Failure	72.508	0	0	0	383.418	0	122.466	0	62.120	9	10.900	0	7.630	0	18.000	0
2020.02.03  23:46:00	Failure	75.148	0	0	0	403.609	0	127.304	0	62.160	9	11.000	0	7.630	0	18.000	0
2020.02.03  23:47:00	Failure	68.852	0	0	0	386.714	0	128.543	0	61.700	9	10.800	0	7.630	0	18.000	0
2020.02.03  23:48:00	Failure	72.603	0	0	0	388.338	0	130.141	0	61.860	9	10.900	0	7.630	0	18.000	0
2020.02.03  23:49:00	Failure	95.253	0	0	0	412.708	0	129.319	0	62.040	9	11.000	0	7.630	0	18.100	0
2020.02.03  23:50:00	Failure	72.452	0	0	0	397.092	0	131.279	0	61.850	9	10.900	0	7.630	0	18.100	0
2020.02.03  23:51:00	Failure	73.850	0	0	0	398.318	0	136.408	0	62.090	9	10.900	0	7.630	0	18.100	0
2020.02.03  23:52:00	Failure	71.841	0	0	0	395.737	0	125.682	0	62.280	9	11.000	0	7.630	0	18.100	0
2020.02.03  23:53:00	Failure	66.215	0	0	0	383.764	0	141.864	0	61.650	9	10.900	0	7.630	0	18.100	0
2020.02.03  23:54:00	Failure	69.437	0	0	0	393.815	0	117.824	0	61.870	9	10.900	0	7.630	0	18.100	0
2020.02.03  23:55:00	Failure	69.932	0	0	0	392.495	0	119.677	0	62.020	9	10.900	0	7.630	0	18.100	0
2020.02.03  23:56:00	Failure	68.806	0	0	0	390.445	0	132.359	0	61.460	9	10.800	0	7.630	0	18.100	0
2020.02.03  23:57:00	Failure	70.327	0	0	0	391.089	0	132.431	0	61.700	9	10.900	0	7.630	0	18.100	0
2020.02.03  23:58:00	Failure	72.653	0	0	0	392.089	0	140.025	0	61.920	9	10.900	0	7.630	0	18.100	0
2020.02.03  23:59:00	Failure	63.980	0	0	0	385.320	0	134.914	0	61.500	9	10.900	0	7.630	0	18.100	0
2020.02.04  00:00:00	Failure	68.889	0	0	0	391.589	0	127.281	0	61.820	9	10.900	0	7.630	0	18.100	0
2020.02.04  00:01:00	Failure	71.009	0	0	0	384.506	0	124.762	0	62.050	9	11.000	0	7.630	0	18.100	0
2020.02.04  00:02:00	Failure	70.087	0	0	0	394.777	0	130.649	0	61.680	9	10.900	0	7.630	0	18.100	0
2020.02.04  00:03:00	Failure	69.106	0	0	0	385.616	0	131.336	0	61.820	9	10.900	0	7.630	0	18.100	0
2020.02.04  00:04:00	Failure	67.603	0	0	0	393.871	0	143.665	0	61.990	9	11.000	0	7.620	0	18.100	0
2020.02.04  00:05:00	Failure	67.111	0	0	0	381.116	0	124.033	0	61.450	9	10.900	0	7.630	0	18.100	0
2020.02.04  00:06:00	Failure	73.777	0	0	0	392.983	0	120.788	0	61.640	9	10.900	0	7.630	0	18.100	0
2020.02.04  00:07:00	Failure	71.340	0	0	0	389.593	0	137.843	0	61.800	9	11.000	0	7.620	0	18.100	0
2020.02.04  00:08:00	Failure	69.917	0	0	0	391.007	0	127.613	0	61.360	9	10.900	0	7.630	0	18.200	0
2020.02.04  00:09:00	Failure	70.575	0	0	0	390.129	0	135.758	0	61.590	9	10.900	0	7.630	0	18.200	0
2020.02.04  00:10:00	Failure	71.181	0	0	0	398.940	0	126.795	0	61.680	9	11.000	0	7.630	0	18.200	0
2020.02.04  00:11:00	Failure	70.050	0	0	0	391.474	0	139.452	0	61.390	9	10.900	0	7.630	0	18.200	0
2020.02.04  00:12:00	Failure	71.734	0	0	0	395.130	0	130.149	0	61.450	9	10.900	0	7.630	0	18.200	0
2020.02.04  00:13:00	Failure	72.260	0	0	0	397.131	0	148.460	0	61.790	9	11.000	0	7.620	0	18.200	0
2020.02.04  00:14:00	Failure	68.434	0	0	0	390.984	0	127.137	0	61.620	9	11.000	0	7.620	0	18.200	0
2020.02.04  00:15:00	Failure	68.907	0	0	0	389.414	0	129.405	0	61.890	9	11.000	0	7.610	0	18.200	0
2020.02.04  00:16:00	Failure	66.678	0	0	0	385.474	0	138.370	0	61.920	9	11.000	0	7.610	0	18.200	0
2020.02.04  00:17:00	Failure	127.977	0	0	0	416.695	0	121.832	0	61.250	9	10.900	0	7.610	0	18.200	0
2020.02.04  00:18:00	Failure	70.941	0	0	0	388.195	0	133.070	0	61.450	9	10.900	0	7.620	0	18.200	0
2020.02.04  00:19:00	Failure	71.472	0	0	0	384.857	0	136.028	0	61.560	9	10.900	0	7.610	0	18.200	0
2020.02.04  00:20:00	Failure	68.250	0	0	0	386.082	0	138.373	0	60.360	9	10.700	0	7.620	0	18.200	0
2020.02.04  00:21:00	Failure	73.305	0	0	0	390.536	0	134.577	0	60.690	9	10.800	0	7.620	0	18.200	0
2020.02.04  00:22:00	Failure	76.389	0	0	0	392.400	0	133.381	0	60.960	9	10.800	0	7.620	0	18.200	0
2020.02.04  00:23:00	Failure	70.978	0	0	0	396.001	0	131.560	0	60.640	9	10.700	0	7.630	0	18.200	0
2020.02.04  00:24:00	Failure	72.998	0	0	0	389.401	0	129.515	0	61.020	9	10.800	0	7.630	0	18.200	0
2020.02.04  00:25:00	Failure	73.176	0	0	0	400.413	0	134.291	0	61.390	9	10.900	0	7.620	0	18.200	0
2020.02.04  00:26:00	Failure	67.531	0	0	0	376.746	0	135.122	0	60.840	9	10.700	0	7.630	0	18.300	0
2020.02.04  00:27:00	Failure	75.581	0	0	0	390.878	0	123.032	0	61.100	9	10.800	0	7.620	0	18.300	0
2020.02.04  00:28:00	Failure	72.259	0	0	0	385.681	0	130.475	0	61.420	9	10.900	0	7.620	0	18.300	0
2020.02.04  00:29:00	Failure	68.253	0	0	0	384.403	0	133.052	0	61.200	9	10.800	0	7.620	0	18.300	0
2020.02.04  00:30:00	Failure	73.830	0	0	0	396.901	0	135.383	0	61.550	9	10.900	0	7.620	0	18.300	0
2020.02.04  00:31:00	Failure	71.885	0	0	0	394.466	0	128.711	0	61.700	9	10.900	0	7.620	0	18.300	0
2020.02.04  00:32:00	Failure	69.507	0	0	0	380.466	0	134.077	0	61.370	9	10.800	0	7.620	0	18.300	0
2020.02.04  00:33:00	Failure	70.995	0	0	0	392.340	0	142.020	0	61.820	9	10.900	0	7.620	0	18.300	0
2020.02.04  00:34:00	Failure	69.553	0	0	0	391.488	0	128.541	0	61.950	9	11.000	0	7.620	0	18.300	0
2020.02.04  00:35:00	Failure	68.772	0	0	0	366.292	0	122.769	0	61.260	9	10.800	0	7.630	0	18.300	0
2020.02.04  00:36:00	Failure	67.925	0	0	0	380.598	0	125.287	0	61.450	9	10.900	0	7.630	0	18.300	0
2020.02.04  00:37:00	Failure	70.144	0	0	0	388.124	0	129.736	0	61.770	9	10.900	0	7.630	0	18.300	0
2020.02.04  00:38:00	Failure	67.698	0	0	0	385.544	0	141.925	0	61.620	9	10.900	0	7.630	0	18.300	0
2020.02.04  00:39:00	Failure	70.896	0	0	0	399.276	0	131.820	0	61.850	9	11.000	0	7.630	0	18.300	0
2020.02.04  00:40:00	Failure	71.667	0	0	0	384.417	0	119.370	0	62.130	9	11.000	0	7.620	0	18.300	0
2020.02.04  00:41:00	Failure	67.664	0	0	0	381.705	0	123.322	0	61.870	9	10.900	0	7.620	0	18.300	0
2020.02.04  00:42:00	Failure	69.496	0	0	0	389.342	0	124.822	0	61.910	9	11.000	0	7.630	0	18.300	0
2020.02.04  00:43:00	Failure	69.058	0	0	0	388.317	0	117.450	0	62.180	9	11.100	0	7.620	0	18.400	0
2020.02.04  00:44:00	Failure	68.841	0	0	0	384.321	0	128.721	0	61.670	9	10.900	0	7.630	0	18.400	0
2020.02.04  00:45:00	Failure	69.299	0	0	0	380.966	0	124.731	0	61.890	9	11.000	0	7.630	0	18.400	0
2020.02.04  00:46:00	Failure	68.336	0	0	0	376.517	0	139.143	0	62.040	9	11.100	0	7.630	0	18.400	0
2020.02.04  00:47:00	Failure	68.446	0	0	0	383.992	0	137.017	0	61.990	9	11.000	0	7.620	0	18.400	0
2020.02.04  00:48:00	Failure	68.797	0	0	0	384.847	0	142.367	0	62.190	9	11.000	0	7.620	0	18.400	0
2020.02.04  00:49:00	Failure	67.403	0	0	0	377.709	0	129.719	0	62.350	9	11.100	0	7.620	0	18.400	0
2020.02.04  00:50:00	Failure	65.852	0	0	0	382.250	0	138.312	0	61.840	9	11.000	0	7.620	0	18.400	0
2020.02.04  00:51:00	Failure	71.330	0	0	0	378.754	0	133.422	0	62.050	9	11.000	0	7.620	0	18.400	0
2020.02.04  00:52:00	Failure	73.146	0	0	0	406.674	0	148.365	0	62.280	9	11.100	0	7.620	0	18.400	0
2020.02.04  00:53:00	Failure	67.261	0	0	0	379.873	0	140.139	0	61.730	9	10.900	0	7.630	0	18.400	0
2020.02.04  00:54:00	Failure	68.400	0	0	0	387.517	0	129.139	0	62.030	9	11.000	0	7.630	0	18.400	0
2020.02.04  00:55:00	Failure	67.351	0	0	0	382.988	0	125.316	0	62.060	9	11.100	0	7.630	0	18.400	0
2020.02.04  00:56:00	Failure	67.587	0	0	0	382.654	0	123.618	0	61.960	9	11.000	0	7.630	0	18.400	0
2020.02.04  00:57:00	Failure	68.595	0	0	0	392.097	0	147.756	0	62.190	9	11.000	0	7.630	0	18.400	0
2020.02.04  00:58:00	Failure	70.527	0	0	0	388.660	0	133.781	0	62.450	9	11.100	0	7.620	0	18.400	0
2020.02.04  00:59:00	Failure	70.713	0	0	0	384.815	0	119.273	0	61.950	9	11.000	0	7.620	0	18.400	0
2020.02.04  01:00:00	Failure	69.294	0	0	0	382.224	0	131.475	0	62.230	9	11.000	0	7.620	0	18.400	0
2020.02.04  01:01:00	Failure	67.813	0	0	0	381.162	0	125.095	0	62.560	9	11.100	0	7.620	0	18.400	0
2020.02.04  01:02:00	Failure	66.682	0	0	0	389.386	0	138.043	0	61.900	9	11.000	0	7.630	0	18.400	0
2020.02.04  01:03:00	Failure	68.200	0	0	0	376.396	0	117.599	0	62.320	9	11.100	0	7.630	0	18.400	0
2020.02.04  01:04:00	Failure	67.811	0	0	0	382.509	0	142.210	0	62.480	9	11.200	0	7.620	0	18.400	0
2020.02.04  01:05:00	Failure	67.571	0	0	0	376.557	0	123.718	0	62.150	9	11.100	0	7.620	0	18.500	0
2020.02.04  01:06:00	Failure	70.743	0	0	0	389.010	0	139.215	0	62.350	9	11.200	0	7.620	0	18.500	0
2020.02.04  01:07:00	Failure	70.303	0	0	0	389.744	0	120.307	0	62.640	9	11.200	0	7.620	0	18.400	0
2020.02.04  01:08:00	Failure	68.483	0	0	0	385.934	0	125.578	0	61.930	9	11.000	0	7.620	0	18.500	0
2020.02.04  01:09:00	Failure	68.801	0	0	0	386.227	0	141.366	0	62.230	9	11.100	0	7.620	0	18.500	0
2020.02.04  01:10:00	Failure	69.773	0	0	0	387.744	0	141.639	0	62.420	9	11.200	0	7.620	0	18.500	0
2020.02.04  01:11:00	Failure	65.097	0	0	0	379.775	0	126.979	0	62.250	9	11.000	0	7.620	0	18.500	0
2020.02.04  01:12:00	Failure	68.343	0	0	0	378.043	0	129.823	0	62.530	9	11.100	0	7.620	0	18.500	0
2020.02.04  01:13:00	Failure	70.407	0	0	0	387.212	0	138.122	0	62.680	9	11.200	0	7.620	0	18.500	0
2020.02.04  01:14:00	Failure	70.826	0	0	0	384.094	0	117.035	0	62.290	9	11.100	0	7.610	0	18.500	0
2020.02.04  01:15:00	Failure	68.762	0	0	0	370.832	0	128.872	0	62.750	9	11.200	0	7.600	0	18.500	0
2020.02.04  01:16:00	Failure	67.363	0	0	0	379.785	0	127.276	0	62.750	9	11.300	0	7.600	0	18.500	0
2020.02.04  01:17:00	Failure	67.256	0	0	0	369.074	0	128.243	0	61.810	9	11.000	0	7.610	0	18.500	0
2020.02.04  01:18:00	Failure	68.698	0	0	0	383.875	0	142.780	0	61.790	9	11.000	0	7.610	0	18.500	0
2020.02.04  01:19:00	Failure	125.736	0	0	0	433.503	0	137.316	0	61.850	9	11.000	0	7.610	0	18.500	0
2020.02.04  01:20:00	Failure	67.335	0	0	0	372.035	0	129.955	0	61.320	9	10.900	0	7.620	0	18.500	0
2020.02.04  01:21:00	Failure	72.449	0	0	0	394.390	0	124.842	0	61.520	9	10.900	0	7.630	0	18.500	0
2020.02.04  01:22:00	Failure	80.044	0	0	0	398.030	0	135.468	0	61.800	9	10.900	0	7.620	0	18.500	0
2020.02.04  01:23:00	Failure	68.279	0	0	0	386.926	0	132.279	0	61.510	9	10.900	0	7.620	0	18.500	0
2020.02.04  01:24:00	Failure	74.422	0	0	0	387.638	0	136.262	0	61.700	9	10.900	0	7.620	0	18.500	0
2020.02.04  01:25:00	Failure	78.581	0	0	0	400.537	0	138.040	0	61.820	9	10.900	0	7.620	0	18.500	0
2020.02.04  01:26:00	Failure	70.934	0	0	0	388.666	0	134.861	0	61.460	9	10.800	0	7.620	0	18.500	0
2020.02.04  01:27:00	Failure	75.295	0	0	0	390.825	0	120.174	0	61.980	9	11.000	0	7.620	0	18.500	0
2020.02.04  01:28:00	Failure	75.157	0	0	0	394.002	0	133.586	0	62.570	9	11.100	0	7.610	0	18.500	0
2020.02.04  01:29:00	Failure	69.009	0	0	0	387.265	0	136.660	0	62.170	9	10.900	0	7.620	0	18.500	0
2020.02.04  01:30:00	Failure	72.793	0	0	0	382.973	0	130.346	0	62.400	9	11.000	0	7.620	0	18.500	0
2020.02.04  01:31:00	Failure	67.128	0	0	0	380.123	0	120.288	0	62.580	9	11.100	0	7.620	0	18.500	0
2020.02.04  01:32:00	Failure	65.448	0	0	0	380.893	0	125.496	0	62.590	9	11.100	0	7.620	0	18.500	0
2020.02.04  01:33:00	Failure	69.330	0	0	0	380.513	0	112.644	0	62.730	9	11.200	0	7.620	0	18.500	0
2020.02.04  01:34:00	Failure	74.135	0	0	0	397.682	0	133.206	0	62.910	9	11.200	0	7.620	0	18.600	0
2020.02.04  01:35:00	Failure	69.219	0	0	0	386.660	0	133.140	0	62.400	9	11.000	0	7.630	0	18.500	0
2020.02.04  01:36:00	Failure	68.138	0	0	0	379.312	0	128.243	0	62.570	9	11.100	0	7.640	0	18.600	0
2020.02.04  01:37:00	Failure	71.895	0	0	0	384.210	0	133.973	0	62.880	9	11.100	0	7.630	0	18.500	0
2020.02.04  01:38:00	Failure	65.432	0	0	0	381.389	0	138.332	0	62.650	9	11.100	0	7.630	0	18.600	0
2020.02.04  01:39:00	Failure	67.079	0	0	0	375.501	0	136.452	0	63.210	9	11.200	0	7.630	0	18.600	0
2020.02.04  01:40:00	Failure	83.016	0	0	0	390.782	0	126.866	0	63.470	9	11.300	0	7.620	0	18.600	0
2020.02.04  01:41:00	Failure	65.319	0	0	0	378.185	0	131.441	0	62.820	9	11.100	0	7.630	0	18.500	0
2020.02.04  01:42:00	Failure	64.594	0	0	0	373.488	0	123.508	0	63.050	9	11.200	0	7.630	0	18.600	0
2020.02.04  01:43:00	Failure	66.360	0	0	0	380.764	0	140.488	0	63.220	9	11.200	0	7.630	0	18.600	0
2020.02.04  01:44:00	Failure	67.699	0	0	0	385.118	0	130.308	0	62.610	9	11.100	0	7.630	0	18.600	0
2020.02.04  01:45:00	Failure	67.887	0	0	0	384.138	0	133.574	0	62.720	9	11.100	0	7.640	0	18.600	0
2020.02.04  01:46:00	Failure	68.994	0	0	0	390.992	0	134.065	0	62.960	9	11.200	0	7.630	0	18.600	0
2020.02.04  01:47:00	Failure	65.861	0	0	0	379.165	0	136.176	0	64.060	9	11.400	0	7.570	0	18.600	0
2020.02.04  01:48:00	Failure	68.138	0	0	0	383.384	0	136.267	0	64.310	9	11.400	0	7.570	0	18.600	0
2020.02.04  01:49:00	Failure	65.687	0	0	0	384.181	0	140.672	0	64.340	9	11.500	0	7.570	0	18.600	0
2020.02.04  01:50:00	Failure	67.773	0	0	0	383.681	0	127.482	0	62.730	9	11.100	0	7.630	0	18.600	0
2020.02.04  01:51:00	Failure	66.504	0	0	0	375.110	0	130.437	0	63.010	9	11.200	0	7.630	0	18.600	0
2020.02.04  01:52:00	Failure	65.812	0	0	0	375.665	0	129.453	0	63.330	9	11.300	0	7.630	0	18.600	0
2020.02.04  01:53:00	Failure	65.436	0	0	0	372.081	0	136.568	0	63.050	9	11.200	0	7.630	0	18.600	0
2020.02.04  01:54:00	Failure	66.420	0	0	0	374.718	0	128.294	0	63.230	9	11.200	0	7.630	0	18.600	0
2020.02.04  01:55:00	Failure	70.110	0	0	0	386.817	0	142.658	0	63.610	9	11.300	0	7.630	0	18.600	0
2020.02.04  01:56:00	Failure	64.085	0	0	0	377.705	0	114.901	0	63.010	9	11.100	0	7.630	0	18.600	0
2020.02.04  01:57:00	Failure	63.566	0	0	0	376.507	0	129.098	0	63.420	9	11.300	0	7.630	0	18.600	0
2020.02.04  01:58:00	Failure	67.319	0	0	0	377.977	0	130.060	0	63.760	9	11.300	0	7.630	0	18.600	0
2020.02.04  01:59:00	Failure	66.501	0	0	0	376.338	0	123.454	0	63.070	9	11.100	0	7.630	0	18.600	0
2020.02.04  02:00:00	Failure	68.150	0	0	0	376.226	0	132.966	0	63.300	9	11.200	0	7.630	0	18.600	0
2020.02.04  02:01:00	Failure	67.593	0	0	0	380.496	0	125.194	0	63.590	9	11.300	0	7.630	0	18.600	0
2020.02.04  02:02:00	Failure	64.522	0	0	0	371.559	0	132.810	0	63.040	9	11.100	0	7.630	0	18.600	0
2020.02.04  02:03:00	Failure	67.553	0	0	0	389.464	0	136.652	0	63.420	9	11.200	0	7.640	0	18.600	0
2020.02.04  02:04:00	Failure	70.071	0	0	0	379.320	0	134.066	0	63.700	9	11.300	0	7.630	0	18.600	0
2020.02.04  02:05:00	Failure	64.085	0	0	0	377.522	0	119.260	0	63.250	9	11.200	0	7.630	0	18.600	0
2020.02.04  02:06:00	Failure	66.864	0	0	0	382.288	0	125.728	0	63.590	9	11.300	0	7.630	0	18.600	0
2020.02.04  02:07:00	Failure	66.944	0	0	0	381.850	0	137.409	0	63.820	9	11.300	0	7.630	0	18.600	0
2020.02.04  02:08:00	Failure	63.708	0	0	0	371.441	0	124.265	0	63.210	9	11.200	0	7.640	0	18.600	0
2020.02.04  02:09:00	Failure	64.905	0	0	0	370.904	0	139.396	0	63.240	9	11.200	0	7.640	0	18.600	0
2020.02.04  02:10:00	Failure	67.304	0	0	0	370.717	0	126.651	0	63.470	9	11.300	0	7.640	0	18.600	0
2020.02.04  02:11:00	Failure	63.954	0	0	0	370.931	0	132.885	0	62.990	9	11.100	0	7.640	0	18.600	0
2020.02.04  02:12:00	Failure	69.553	0	0	0	382.847	0	119.492	0	63.610	9	11.300	0	7.640	0	18.600	0
2020.02.04  02:13:00	Failure	65.375	0	0	0	387.928	0	136.515	0	63.760	9	11.300	0	7.630	0	18.600	0
2020.02.04  02:14:00	Failure	63.588	0	0	0	368.185	0	140.637	0	63.130	9	11.200	0	7.630	0	18.600	0
2020.02.04  02:15:00	Failure	67.257	0	0	0	374.410	0	126.078	0	63.590	9	11.400	0	7.610	0	18.600	0
2020.02.04  02:16:00	Failure	66.381	0	0	0	378.101	0	122.010	0	63.410	9	11.400	0	7.620	0	18.600	0
2020.02.04  02:17:00	Failure	66.578	0	0	0	383.690	0	136.282	0	62.560	9	11.100	0	7.620	0	18.600	0
2020.02.04  02:18:00	Failure	67.460	0	0	0	379.215	0	137.098	0	62.800	9	11.200	0	7.620	0	18.600	0
2020.02.04  02:19:00	Failure	68.193	0	0	0	377.253	0	120.675	0	62.790	9	11.200	0	7.620	0	18.600	0
2020.02.04  02:20:00	Failure	67.602	0	0	0	380.283	0	121.897	0	62.150	9	11.000	0	7.630	0	18.600	0
2020.02.04  02:21:00	Failure	76.929	0	0	0	388.549	0	124.194	0	62.480	9	11.100	0	7.630	0	18.600	0
2020.02.04  02:22:00	Failure	79.634	0	0	0	394.615	0	127.501	0	62.750	9	11.100	0	7.630	0	18.600	0
2020.02.04  02:23:00	Failure	67.448	0	0	0	372.421	0	133.119	0	62.190	9	11.000	0	7.630	0	18.600	0
2020.02.04  02:24:00	Failure	72.733	0	0	0	383.338	0	139.803	0	62.570	9	11.100	0	7.630	0	18.600	0
2020.02.04  02:25:00	Failure	73.525	0	0	0	391.450	0	150.401	0	62.570	9	11.100	0	7.620	0	18.600	0
2020.02.04  02:26:00	Failure	65.469	0	0	0	381.389	0	128.954	0	62.400	9	11.100	0	7.630	0	18.600	0
2020.02.04  02:27:00	Failure	70.467	0	0	0	389.007	0	123.001	0	63.080	9	11.200	0	7.620	0	18.600	0
2020.02.04  02:28:00	Failure	67.155	0	0	0	374.022	0	133.651	0	63.300	9	11.200	0	7.620	0	18.600	0
2020.02.04  02:29:00	Failure	70.989	0	0	0	385.297	0	124.949	0	63.150	9	11.200	0	7.620	0	18.600	0
2020.02.04  02:30:00	Failure	72.013	0	0	0	389.541	0	124.635	0	63.470	9	11.300	0	7.620	0	18.600	0
2020.02.04  02:31:00	Failure	72.563	0	0	0	393.278	0	135.685	0	63.550	9	11.400	0	7.620	0	18.600	0
2020.02.04  02:32:00	Failure	61.585	0	0	0	370.314	0	147.128	0	62.960	9	11.200	0	7.630	0	18.600	0
2020.02.04  02:33:00	Failure	65.438	0	0	0	381.673	0	126.868	0	63.150	9	11.200	0	7.630	0	18.600	0
2020.02.04  02:34:00	Failure	66.623	0	0	0	367.203	0	129.935	0	63.420	9	11.300	0	7.630	0	18.600	0
2020.02.04  02:35:00	Failure	63.075	0	0	0	367.968	0	134.675	0	63.150	9	11.200	0	7.640	0	18.600	0
2020.02.04  02:36:00	Failure	68.197	0	0	0	382.677	0	135.872	0	63.520	9	11.300	0	7.630	0	18.600	0
2020.02.04  02:37:00	Failure	66.919	0	0	0	373.035	0	126.419	0	63.810	9	11.400	0	7.630	0	18.600	0
2020.02.04  02:38:00	Failure	63.198	0	0	0	381.368	0	129.165	0	63.350	9	11.300	0	7.630	0	18.600	0
2020.02.04  02:39:00	Failure	64.489	0	0	0	371.092	0	127.810	0	63.770	9	11.400	0	7.630	0	18.600	0
2020.02.04  02:40:00	Failure	67.391	0	0	0	374.601	0	124.134	0	63.880	9	11.400	0	7.630	0	18.600	0
2020.02.04  02:41:00	Failure	65.675	0	0	0	373.200	0	133.495	0	63.500	9	11.300	0	7.630	0	18.600	0
2020.02.04  02:42:00	Failure	64.685	0	0	0	368.933	0	119.237	0	63.630	9	11.400	0	7.630	0	18.600	0
2020.02.04  02:43:00	Failure	67.012	0	0	0	383.808	0	131.110	0	63.860	9	11.400	0	7.630	0	18.600	0
2020.02.04  02:44:00	Failure	64.687	0	0	0	372.866	0	129.195	0	63.290	9	11.300	0	7.640	0	18.600	0
2020.02.04  02:45:00	Failure	66.612	0	0	0	374.528	0	123.474	0	63.580	9	11.400	0	7.640	0	18.600	0
2020.02.04  02:46:00	Failure	64.140	0	0	0	377.841	0	125.214	0	63.710	9	11.500	0	7.630	0	18.600	0
2020.02.04  02:47:00	Failure	62.905	0	0	0	371.821	0	132.694	0	63.140	9	11.300	0	7.640	0	18.600	0
2020.02.04  02:48:00	Failure	63.478	0	0	0	376.568	0	139.927	0	63.480	9	11.400	0	7.640	0	18.600	0
2020.02.04  02:49:00	Failure	67.065	0	0	0	382.287	0	132.703	0	63.680	9	11.400	0	7.640	0	18.600	0
2020.02.04  02:50:00	Failure	64.443	0	0	0	369.401	0	130.443	0	63.200	9	11.300	0	7.640	0	18.600	0
2020.02.04  02:51:00	Failure	65.710	0	0	0	380.738	0	130.270	0	63.590	9	11.400	0	7.640	0	18.600	0
2020.02.04  02:52:00	Failure	70.170	0	0	0	369.422	0	136.028	0	63.850	9	11.500	0	7.630	0	18.600	0
2020.02.04  02:53:00	Failure	66.592	0	0	0	380.239	0	130.986	0	63.580	9	11.400	0	7.640	0	18.600	0
2020.02.04  02:54:00	Failure	67.499	0	0	0	373.293	0	127.625	0	63.740	9	11.500	0	7.640	0	18.600	0
2020.02.04  02:55:00	Failure	67.443	0	0	0	376.704	0	126.664	0	64.030	9	11.500	0	7.630	0	18.600	0
2020.02.04  02:56:00	Failure	67.952	0	0	0	383.569	0	134.575	0	63.350	9	11.400	0	7.640	0	18.600	0
2020.02.04  02:57:00	Failure	67.652	0	0	0	375.830	0	130.132	0	63.660	9	11.400	0	7.640	0	18.600	0
2020.02.04  02:58:00	Failure	63.971	0	0	0	375.434	0	141.064	0	63.710	9	11.500	0	7.640	0	18.600	0
2020.02.04  02:59:00	Failure	65.623	0	0	0	362.377	0	119.312	0	63.300	9	11.400	0	7.630	0	18.600	0
2020.02.04  03:00:00	Failure	64.912	0	0	0	380.224	0	131.072	0	63.580	9	11.400	0	7.640	0	18.600	0
2020.02.04  03:01:00	Failure	71.169	0	0	0	378.993	0	123.056	0	63.790	9	11.500	0	7.630	0	18.600	0
2020.02.04  03:02:00	Failure	64.930	0	0	0	373.542	0	133.132	0	63.140	9	11.400	0	7.640	0	18.500	0
2020.02.04  03:03:00	Failure	66.889	0	0	0	375.193	0	136.664	0	63.490	9	11.400	0	7.640	0	18.600	0
2020.02.04  03:04:00	Failure	65.944	0	0	0	363.059	0	129.558	0	63.680	9	11.500	0	7.640	0	18.600	0
2020.02.04  03:05:00	Failure	61.621	0	0	0	367.507	0	132.684	0	63.310	9	11.300	0	7.630	0	18.600	0
2020.02.04  03:06:00	Failure	62.544	0	0	0	369.477	0	141.562	0	63.480	9	11.400	0	7.640	0	18.600	0
2020.02.04  03:07:00	Failure	64.746	0	0	0	370.992	0	131.314	0	63.790	9	11.400	0	7.630	0	18.600	0
2020.02.04  03:08:00	Failure	63.298	0	0	0	381.484	0	139.947	0	63.320	9	11.400	0	7.640	0	18.600	0
2020.02.04  03:09:00	Failure	64.266	0	0	0	370.863	0	122.015	0	63.500	9	11.400	0	7.640	0	18.600	0
2020.02.04  03:10:00	Failure	62.947	0	0	0	365.531	0	133.375	0	63.750	9	11.500	0	7.640	0	18.600	0
2020.02.04  03:11:00	Failure	63.748	0	0	0	373.990	0	134.759	0	63.110	9	11.400	0	7.640	0	18.600	0
2020.02.04  03:12:00	Failure	62.767	0	0	0	365.881	0	140.523	0	63.740	9	11.500	0	7.640	0	18.600	0
2020.02.04  03:13:00	Failure	66.176	0	0	0	371.174	0	132.135	0	64.080	9	11.600	0	7.640	0	18.600	0
2020.02.04  03:14:00	Failure	64.521	0	0	0	365.059	0	126.673	0	63.420	9	11.400	0	7.620	0	18.600	0
2020.02.04  03:15:00	Failure	61.172	0	0	0	356.766	0	121.746	0	63.750	9	11.500	0	7.610	0	18.600	0
2020.02.04  03:16:00	Failure	64.369	0	0	0	372.979	0	125.371	0	63.690	9	11.500	0	7.610	0	18.500	0
2020.02.04  03:17:00	Failure	65.681	0	0	0	372.743	0	117.498	0	62.460	9	11.300	0	7.620	0	18.600	0
2020.02.04  03:18:00	Failure	68.845	0	0	0	372.311	0	128.199	0	62.480	9	11.300	0	7.620	0	18.500	0
2020.02.04  03:19:00	Failure	71.877	0	0	0	379.130	0	128.214	0	62.510	9	11.300	0	7.620	0	18.600	0
2020.02.04  03:20:00	Failure	67.388	0	0	0	364.581	0	133.241	0	62.110	9	11.200	0	7.630	0	18.600	0
2020.02.04  03:21:00	Failure	75.930	0	0	0	383.809	0	131.346	0	62.360	9	11.200	0	7.630	0	18.600	0
2020.02.04  03:22:00	Failure	77.491	0	0	0	392.734	0	135.969	0	62.340	9	11.200	0	7.630	0	18.500	0
2020.02.04  03:23:00	Failure	66.530	0	0	0	378.108	0	122.652	0	62.050	9	11.100	0	7.630	0	18.500	0
2020.02.04  03:24:00	Failure	70.561	0	0	0	381.345	0	128.405	0	62.350	9	11.200	0	7.630	0	18.500	0
2020.02.04  03:25:00	Failure	71.612	0	0	0	382.542	0	138.553	0	62.720	9	11.300	0	7.620	0	18.500	0
2020.02.04  03:26:00	Failure	64.293	0	0	0	369.632	0	134.919	0	62.700	9	11.300	0	7.630	0	18.500	0
2020.02.04  03:27:00	Failure	68.212	0	0	0	370.300	0	133.865	0	63.070	9	11.400	0	7.620	0	18.500	0
2020.02.04  03:28:00	Failure	69.764	0	0	0	382.849	0	130.781	0	63.340	9	11.400	0	7.620	0	18.500	0
2020.02.04  03:29:00	Failure	64.375	0	0	0	366.750	0	135.388	0	62.780	9	11.300	0	7.620	0	18.500	0
2020.02.04  03:30:00	Failure	64.667	0	0	0	364.880	0	118.988	0	63.160	9	11.400	0	7.630	0	18.500	0
2020.02.04  03:31:00	Failure	64.491	0	0	0	358.653	0	124.264	0	63.470	9	11.500	0	7.630	0	18.500	0
2020.02.04  03:32:00	Failure	66.289	0	0	0	373.118	0	115.897	0	62.880	9	11.400	0	7.640	0	18.500	0
2020.02.04  03:33:00	Failure	63.729	0	0	0	367.048	0	131.515	0	63.370	9	11.400	0	7.640	0	18.500	0
2020.02.04  03:34:00	Failure	66.489	0	0	0	374.465	0	137.542	0	63.820	9	11.600	0	7.630	0	18.500	0
2020.02.04  03:35:00	Failure	62.430	0	0	0	379.536	0	129.627	0	63.050	9	11.300	0	7.640	0	18.500	0
2020.02.04  03:36:00	Failure	63.530	0	0	0	376.225	0	130.450	0	63.410	9	11.400	0	7.640	0	18.500	0
2020.02.04  03:37:00	Failure	65.816	0	0	0	378.187	0	126.106	0	63.650	9	11.500	0	7.630	0	18.500	0
2020.02.04  03:38:00	Failure	62.224	0	0	0	361.417	0	129.924	0	63.410	9	11.400	0	7.630	0	18.500	0
2020.02.04  03:39:00	Failure	65.928	0	0	0	376.230	0	131.918	0	63.530	9	11.500	0	7.640	0	18.500	0
2020.02.04  03:40:00	Failure	64.483	0	0	0	369.895	0	134.679	0	63.740	9	11.500	0	7.640	0	18.500	0
2020.02.04  03:41:00	Failure	64.138	0	0	0	373.565	0	128.268	0	63.180	9	11.400	0	7.640	0	18.500	0
2020.02.04  03:42:00	Failure	64.376	0	0	0	367.091	0	124.774	0	63.520	9	11.500	0	7.640	0	18.500	0
2020.02.04  03:43:00	Failure	64.688	0	0	0	366.363	0	131.509	0	63.750	9	11.500	0	7.640	0	18.500	0
2020.02.04  03:44:00	Failure	62.917	0	0	0	355.912	0	125.673	0	63.610	9	11.500	0	7.630	0	18.500	0
2020.02.04  03:45:00	Failure	64.268	0	0	0	370.917	0	127.885	0	63.880	9	11.600	0	7.630	0	18.500	0
2020.02.04  03:46:00	Failure	64.755	0	0	0	371.849	0	128.008	0	63.950	9	11.600	0	7.630	0	18.500	0
2020.02.04  03:47:00	Failure	67.381	0	0	0	381.192	0	125.126	0	63.410	9	11.500	0	7.640	0	18.500	0
2020.02.04  03:48:00	Failure	62.798	0	0	0	377.413	0	124.871	0	63.610	9	11.500	0	7.640	0	18.500	0
2020.02.04  03:49:00	Failure	64.257	0	0	0	373.014	0	145.559	0	63.940	9	11.500	0	7.640	0	18.500	0
2020.02.04  03:50:00	Failure	60.177	0	0	0	369.932	0	132.278	0	63.530	9	11.400	0	7.640	0	18.500	0
2020.02.04  03:51:00	Failure	61.025	0	0	0	366.065	0	129.210	0	63.930	9	11.500	0	7.640	0	18.500	0
2020.02.04  03:52:00	Failure	62.533	0	0	0	368.269	0	142.740	0	64.240	9	11.600	0	7.630	0	18.500	0
2020.02.04  03:53:00	Failure	60.579	0	0	0	357.974	0	136.524	0	63.710	9	11.500	0	7.650	0	18.500	0
2020.02.04  03:54:00	Failure	61.335	0	0	0	364.486	0	118.994	0	64.670	9	11.700	0	7.640	0	18.500	0
2020.02.04  03:55:00	Failure	67.368	0	0	0	380.516	0	130.788	0	64.110	9	11.600	0	7.640	0	18.500	0
2020.02.04  03:56:00	Failure	58.568	0	0	0	360.594	0	130.065	0	63.440	9	11.500	0	7.640	0	18.500	0
2020.02.04  03:57:00	Failure	64.117	0	0	0	374.142	0	130.917	0	64.110	9	11.600	0	7.640	0	18.500	0
2020.02.04  03:58:00	Failure	62.549	0	0	0	374.438	0	132.192	0	64.380	9	11.700	0	7.640	0	18.500	0
2020.02.04  03:59:00	Failure	63.594	0	0	0	372.035	0	133.868	0	63.680	9	11.500	0	7.640	0	18.500	0
2020.02.04  04:00:00	Failure	65.375	0	0	0	376.387	0	130.398	0	64.000	9	11.600	0	7.640	0	18.500	0
2020.02.04  04:01:00	Failure	63.127	0	0	0	374.634	0	124.305	0	64.360	9	11.600	0	7.630	0	18.500	0
2020.02.04  04:02:00	Failure	63.026	0	0	0	370.570	0	132.443	0	63.640	9	11.500	0	7.640	0	18.500	0
2020.02.04  04:03:00	Failure	61.645	0	0	0	366.590	0	125.232	0	64.010	9	11.600	0	7.650	0	18.500	0
2020.02.04  04:04:00	Failure	62.965	0	0	0	372.229	0	130.472	0	64.460	9	11.700	0	7.640	0	18.500	0
2020.02.04  04:05:00	Failure	65.002	0	0	0	357.113	0	132.566	0	63.750	9	11.600	0	7.650	0	18.500	0
2020.02.04  04:06:00	Failure	60.551	0	0	0	372.545	0	123.886	0	64.230	9	11.700	0	7.650	0	18.500	0
2020.02.04  04:07:00	Failure	65.836	0	0	0	367.588	0	125.124	0	64.670	9	11.800	0	7.640	0	18.500	0
2020.02.04  04:08:00	Failure	65.114	0	0	0	367.910	0	120.237	0	63.810	9	11.500	0	7.640	0	18.500	0
2020.02.04  04:09:00	Failure	66.845	0	0	0	382.683	0	126.278	0	64.320	9	11.600	0	7.640	0	18.500	0
2020.02.04  04:10:00	Failure	65.469	0	0	0	369.531	0	123.468	0	64.630	9	11.700	0	7.640	0	18.500	0
2020.02.04  04:11:00	Failure	62.075	0	0	0	363.157	0	122.020	0	64.070	9	11.600	0	7.640	0	18.500	0
2020.02.04  04:12:00	Failure	66.502	0	0	0	360.891	0	132.427	0	64.580	9	11.700	0	7.650	0	18.500	0
2020.02.04  04:13:00	Failure	64.432	0	0	0	364.244	0	129.224	0	64.780	9	11.700	0	7.650	0	18.500	0
2020.02.04  04:14:00	Failure	61.755	0	0	0	365.555	0	130.788	0	64.130	9	11.600	0	7.640	0	18.500	0
2020.02.04  04:15:00	Failure	60.459	0	0	0	364.776	0	137.499	0	64.610	9	11.700	0	7.630	0	18.500	0
2020.02.04  04:16:00	Failure	63.054	0	0	0	371.186	0	137.847	0	64.670	9	11.700	0	7.620	0	18.500	0
2020.02.04  04:17:00	Failure	112.101	0	0	0	407.370	0	139.892	0	63.450	9	11.400	0	7.640	0	18.500	0
2020.02.04  04:18:00	Failure	69.403	0	0	0	382.117	0	130.415	0	63.540	9	11.500	0	7.640	0	18.500	0
2020.02.04  04:19:00	Failure	63.955	0	0	0	371.015	0	133.041	0	63.600	9	11.600	0	7.640	0	18.500	0
2020.02.04  04:20:00	Failure	66.726	0	0	0	376.769	0	134.845	0	63.260	9	11.400	0	7.640	0	18.500	0
2020.02.04  04:21:00	Failure	64.720	0	0	0	373.844	0	128.963	0	63.490	9	11.400	0	7.640	0	18.500	0
2020.02.04  04:22:00	Failure	64.600	0	0	0	375.926	0	128.670	0	63.760	9	11.500	0	7.640	0	18.500	0
2020.02.04  04:23:00	Failure	64.269	0	0	0	371.700	0	133.085	0	63.350	9	11.400	0	7.650	0	18.500	0
2020.02.04  04:24:00	Failure	64.190	0	0	0	374.275	0	136.877	0	63.840	9	11.500	0	7.650	0	18.500	0
2020.02.04  04:25:00	Failure	67.692	0	0	0	368.896	0	120.857	0	64.300	9	11.600	0	7.650	0	18.500	0
2020.02.04  04:26:00	Failure	66.518	0	0	0	370.025	0	131.764	0	64.150	9	11.500	0	7.660	0	18.500	0
2020.02.04  04:27:00	Failure	68.921	0	0	0	376.607	0	124.953	0	64.910	9	11.700	0	7.650	0	18.500	0
2020.02.04  04:28:00	Failure	70.724	0	0	0	375.642	0	138.609	0	65.150	9	11.800	0	7.650	0	18.500	0
2020.02.04  04:29:00	Failure	70.844	0	0	0	382.339	0	127.301	0	64.070	9	11.500	0	7.660	0	18.500	0
2020.02.04  04:30:00	Failure	71.348	0	0	0	385.226	0	130.599	0	64.410	9	11.600	0	7.660	0	18.500	0
2020.02.04  04:31:00	Failure	72.195	0	0	0	385.215	0	140.730	0	64.600	9	11.600	0	7.660	0	18.400	0
2020.02.04  04:32:00	Failure	64.235	0	0	0	369.737	0	125.154	0	64.430	9	11.500	0	7.670	0	18.500	0
2020.02.04  04:33:00	Failure	66.905	0	0	0	367.392	0	120.163	0	64.790	9	11.600	0	7.670	0	18.500	0
2020.02.04  04:34:00	Failure	68.463	0	0	0	379.139	0	126.816	0	65.200	9	11.700	0	7.670	0	18.500	0
2020.02.04  04:35:00	Failure	61.070	0	0	0	373.362	0	127.008	0	64.570	9	11.600	0	7.670	0	18.400	0
2020.02.04  04:36:00	Failure	63.229	0	0	0	368.116	0	120.930	0	65.030	9	11.700	0	7.670	0	18.400	0
2020.02.04  04:37:00	Failure	64.321	0	0	0	370.070	0	138.681	0	65.330	9	11.700	0	7.670	0	18.400	0
2020.02.04  04:38:00	Failure	63.553	0	0	0	379.123	0	131.353	0	64.900	9	11.600	0	7.670	0	18.400	0
2020.02.04  04:39:00	Failure	61.012	0	0	0	369.387	0	137.383	0	65.130	9	11.700	0	7.670	0	18.400	0
2020.02.04  04:40:00	Failure	63.153	0	0	0	373.318	0	133.906	0	65.600	9	11.800	0	7.670	0	18.500	0
2020.02.04  04:41:00	Failure	65.991	0	0	0	376.529	0	128.343	0	64.890	9	11.600	0	7.670	0	18.400	0
2020.02.04  04:42:00	Failure	63.737	0	0	0	379.378	0	125.282	0	65.550	9	11.700	0	7.670	0	18.400	0
2020.02.04  04:43:00	Failure	69.024	0	0	0	382.539	0	136.272	0	65.670	9	11.700	0	7.670	0	18.400	0
2020.02.04  04:44:00	Failure	63.756	0	0	0	373.359	0	129.712	0	64.780	9	11.600	0	7.670	0	18.400	0
2020.02.04  04:45:00	Failure	62.652	0	0	0	357.178	0	126.737	0	65.270	9	11.700	0	7.670	0	18.400	0
2020.02.04  04:46:00	Failure	66.675	0	0	0	374.893	0	135.042	0	65.580	9	11.800	0	7.670	0	18.400	0
2020.02.04  04:47:00	Failure	65.528	0	0	0	372.504	0	128.668	0	65.470	9	11.700	0	7.660	0	18.400	0
2020.02.04  04:48:00	Failure	63.928	0	0	0	370.016	0	135.409	0	65.920	9	11.800	0	7.660	0	18.400	0
2020.02.04  04:49:00	Failure	65.315	0	0	0	374.703	0	140.180	0	66.140	9	11.800	0	7.660	0	18.400	0
2020.02.04  04:50:00	Failure	65.931	0	0	0	371.774	0	120.952	0	65.120	9	11.600	0	7.670	0	18.400	0
2020.02.04  04:51:00	Failure	63.780	0	0	0	367.018	0	130.243	0	65.790	9	11.700	0	7.670	0	18.400	0
2020.02.04  04:52:00	Failure	67.453	0	0	0	377.643	0	141.739	0	66.150	9	11.900	0	7.660	0	18.400	0
2020.02.04  04:53:00	Failure	64.870	0	0	0	364.565	0	119.380	0	65.510	9	11.700	0	7.670	0	18.400	0
2020.02.04  04:54:00	Failure	62.269	0	0	0	364.226	0	124.052	0	65.840	9	11.800	0	7.670	0	18.400	0
2020.02.04  04:55:00	Failure	60.921	0	0	0	357.731	0	138.407	0	66.110	9	11.900	0	7.670	0	18.400	0
2020.02.04  04:56:00	Failure	63.658	0	0	0	366.070	0	124.300	0	65.450	9	11.700	0	7.670	0	18.400	0
2020.02.04  04:57:00	Failure	66.393	0	0	0	376.907	0	134.457	0	65.850	9	11.800	0	7.670	0	18.400	0
2020.02.04  04:58:00	Failure	65.597	0	0	0	373.325	0	136.594	0	66.110	9	11.800	0	7.660	0	18.400	0
2020.02.04  04:59:00	Failure	64.380	0	0	0	371.295	0	124.472	0	65.430	9	11.700	0	7.670	0	18.400	0
2020.02.04  05:00:00	Failure	64.500	0	0	0	371.385	0	120.495	0	65.700	9	11.800	0	7.670	0	18.400	0
2020.02.04  05:01:00	Failure	63.524	0	0	0	371.260	0	136.084	0	66.100	9	11.800	0	7.660	0	18.400	0
2020.02.04  05:02:00	Failure	62.558	0	0	0	360.992	0	122.162	0	65.400	9	11.700	0	7.670	0	18.400	0
2020.02.04  05:03:00	Failure	66.471	0	0	0	373.682	0	133.092	0	65.690	9	11.800	0	7.670	0	18.400	0
2020.02.04  05:04:00	Failure	65.022	0	0	0	366.011	0	126.609	0	66.040	9	11.900	0	7.670	0	18.400	0
2020.02.04  05:05:00	Failure	64.719	0	0	0	372.358	0	132.783	0	65.470	9	11.800	0	7.670	0	18.400	0
2020.02.04  05:06:00	Failure	61.563	0	0	0	369.625	0	126.792	0	65.740	9	11.800	0	7.670	0	18.400	0
2020.02.04  05:07:00	Failure	63.735	0	0	0	367.137	0	123.367	0	66.010	9	11.800	0	7.670	0	18.400	0
2020.02.04  05:08:00	Failure	63.354	0	0	0	366.928	0	132.487	0	65.700	9	11.800	0	7.670	0	18.400	0
2020.02.04  05:09:00	Failure	62.745	0	0	0	369.791	0	135.541	0	66.010	9	11.800	0	7.670	0	18.400	0
2020.02.04  05:10:00	Failure	64.663	0	0	0	364.652	0	125.462	0	66.260	9	11.900	0	7.670	0	18.400	0
2020.02.04  05:11:00	Failure	65.242	0	0	0	368.286	0	135.592	0	65.690	9	11.700	0	7.670	0	18.400	0
2020.02.04  05:12:00	Failure	63.204	0	0	0	370.948	0	130.221	0	66.110	9	11.800	0	7.660	0	18.400	0
2020.02.04  05:13:00	Failure	65.405	0	0	0	370.818	0	128.604	0	66.500	9	11.900	0	7.660	0	18.400	0
2020.02.04  05:14:00	Failure	64.597	0	0	0	366.750	0	128.560	0	65.740	9	11.800	0	7.660	0	18.400	0
2020.02.04  05:15:00	Failure	63.488	0	0	0	366.652	0	125.128	0	66.160	9	11.900	0	7.650	0	18.400	0
2020.02.04  05:16:00	Failure	61.571	0	0	0	360.313	0	140.101	0	66.210	9	11.900	0	7.650	0	18.400	0
2020.02.04  05:17:00	Failure	62.745	0	0	0	367.181	0	130.799	0	65.130	9	11.700	0	7.650	0	18.400	0
2020.02.04  05:18:00	Failure	66.914	0	0	0	375.928	0	138.166	0	65.140	9	11.700	0	7.650	0	18.400	0
2020.02.04  05:19:00	Failure	63.325	0	0	0	368.300	0	123.459	0	65.210	9	11.700	0	7.660	0	18.400	0
2020.02.04  05:20:00	Failure	65.719	0	0	0	375.631	0	135.635	0	64.660	9	11.600	0	7.660	0	18.400	0
2020.02.04  05:21:00	Failure	69.095	0	0	0	376.018	0	128.394	0	64.960	9	11.600	0	7.660	0	18.400	0
2020.02.04  05:22:00	Failure	75.408	0	0	0	386.941	0	133.478	0	65.120	9	11.600	0	7.660	0	18.400	0
2020.02.04  05:23:00	Failure	65.928	0	0	0	373.796	0	132.594	0	64.770	9	11.600	0	7.660	0	18.400	0
2020.02.04  05:24:00	Failure	65.913	0	0	0	378.544	0	138.124	0	65.260	9	11.700	0	7.660	0	18.400	0
2020.02.04  05:25:00	Failure	66.381	0	0	0	373.616	0	135.718	0	65.730	9	11.800	0	7.660	0	18.400	0
2020.02.04  05:26:00	Failure	65.830	0	0	0	375.307	0	121.983	0	65.430	9	11.700	0	7.660	0	18.400	0
2020.02.04  05:27:00	Failure	63.398	0	0	0	371.711	0	136.094	0	65.690	9	11.700	0	7.660	0	18.400	0
2020.02.04  05:28:00	Failure	69.945	0	0	0	381.577	0	136.838	0	65.920	9	11.800	0	7.650	0	18.400	0
2020.02.04  05:29:00	Failure	67.170	0	0	0	378.612	0	131.656	0	65.460	9	11.700	0	7.660	0	18.400	0
2020.02.04  05:30:00	Failure	68.773	0	0	0	383.185	0	129.273	0	65.870	9	11.800	0	7.660	0	18.400	0
2020.02.04  05:31:00	Failure	65.538	0	0	0	378.721	0	125.366	0	66.090	9	11.900	0	7.660	0	18.400	0
2020.02.04  05:32:00	Failure	62.500	0	0	0	373.730	0	137.445	0	65.510	9	11.700	0	7.670	0	18.400	0
2020.02.04  05:33:00	Failure	63.296	0	0	0	366.883	0	133.002	0	66.110	9	11.800	0	7.670	0	18.400	0
2020.02.04  05:34:00	Failure	65.738	0	0	0	382.368	0	136.382	0	66.450	9	11.900	0	7.670	0	18.400	0
2020.02.04  05:35:00	Failure	63.870	0	0	0	369.673	0	124.934	0	65.830	9	11.800	0	7.680	0	18.400	0
2020.02.04  05:36:00	Failure	64.417	0	0	0	373.594	0	122.708	0	66.620	9	12.000	0	7.670	0	18.400	0
2020.02.04  05:37:00	Failure	66.166	0	0	0	373.844	0	126.385	0	67.050	9	12.000	0	7.670	0	18.400	0
2020.02.04  05:38:00	Failure	65.110	0	0	0	370.958	0	129.083	0	66.190	9	11.800	0	7.670	0	18.400	0
2020.02.04  05:39:00	Failure	60.242	0	0	0	365.374	0	136.969	0	66.920	9	11.900	0	7.660	0	18.400	0
2020.02.04  05:40:00	Failure	65.292	0	0	0	371.577	0	134.242	0	67.130	9	12.000	0	7.660	0	18.400	0
2020.02.04  05:41:00	Failure	65.563	0	0	0	379.713	0	135.248	0	66.380	9	11.800	0	7.660	0	18.400	0
2020.02.04  05:42:00	Failure	63.918	0	0	0	373.377	0	129.817	0	66.700	9	11.900	0	7.660	0	18.300	0
2020.02.04  05:43:00	Failure	66.785	0	0	0	374.773	0	134.733	0	66.860	9	12.000	0	7.660	0	18.400	0
2020.02.04  05:44:00	Failure	63.119	0	0	0	377.172	0	132.985	0	66.250	9	11.800	0	7.670	0	18.300	0
2020.02.04  05:45:00	Failure	63.804	0	0	0	374.388	0	148.568	0	66.780	9	11.900	0	7.660	0	18.300	0
2020.02.04  05:46:00	Failure	65.254	0	0	0	375.852	0	127.591	0	67.120	9	12.000	0	7.660	0	18.300	0
2020.02.04  05:47:00	Failure	66.600	0	0	0	376.647	0	121.178	0	66.310	9	11.800	0	7.670	0	18.300	0
2020.02.04  05:48:00	Failure	62.213	0	0	0	371.747	0	130.458	0	67.910	9	12.100	0	7.600	0	18.300	0
2020.02.04  05:49:00	Failure	66.498	0	0	0	386.082	0	136.831	0	68.200	9	12.200	0	7.600	0	18.300	0
2020.02.04  05:50:00	Failure	61.730	0	0	0	373.833	0	128.977	0	66.490	9	11.800	0	7.660	0	18.300	0
2020.02.04  05:51:00	Failure	67.144	0	0	0	380.927	0	130.480	0	66.850	9	11.900	0	7.660	0	18.300	0
2020.02.04  05:52:00	Failure	65.575	0	0	0	380.756	0	133.910	0	67.320	9	12.000	0	7.650	0	18.300	0
2020.02.04  05:53:00	Failure	61.457	0	0	0	368.566	0	126.808	0	66.540	9	11.900	0	7.660	0	18.300	0
2020.02.04  05:54:00	Failure	64.040	0	0	0	373.741	0	136.476	0	67.000	9	12.000	0	7.650	0	18.300	0
2020.02.04  05:55:00	Failure	66.196	0	0	0	374.684	0	129.722	0	67.300	9	12.000	0	7.650	0	18.300	0
2020.02.04  05:56:00	Failure	65.034	0	0	0	374.919	0	117.582	0	66.400	9	11.800	0	7.660	0	18.300	0
2020.02.04  05:57:00	Failure	67.741	0	0	0	379.617	0	133.201	0	67.030	9	11.900	0	7.660	0	18.300	0
2020.02.04  05:58:00	Failure	66.881	0	0	0	371.727	0	137.021	0	67.340	9	12.000	0	7.660	0	18.300	0
2020.02.04  05:59:00	Failure	66.823	0	0	0	378.944	0	124.833	0	66.900	9	12.000	0	7.630	0	18.300	0
2020.02.04  06:00:00	Failure	68.053	0	0	0	381.346	0	128.842	0	67.280	9	12.000	0	7.630	0	18.300	0
2020.02.04  06:01:00	Failure	66.654	0	0	0	384.266	0	129.889	0	67.400	9	12.000	0	7.630	0	18.300	0
2020.02.04  06:02:00	Failure	70.308	0	0	0	389.613	0	145.393	0	66.530	9	11.800	0	7.640	0	18.300	0
2020.02.04  06:03:00	Failure	67.276	0	0	0	375.203	0	128.675	0	66.770	9	11.900	0	7.640	0	18.300	0
2020.02.04  06:04:00	Failure	65.207	0	0	0	376.039	0	132.579	0	67.060	9	12.000	0	7.640	0	18.300	0
2020.02.04  06:05:00	Failure	66.169	0	0	0	378.155	0	123.777	0	66.570	9	11.900	0	7.650	0	18.300	0
2020.02.04  06:06:00	Failure	68.383	0	0	0	383.000	0	136.238	0	66.900	9	11.900	0	7.650	0	18.300	0
2020.02.04  06:07:00	Failure	65.367	0	0	0	374.428	0	117.024	0	67.210	9	12.000	0	7.650	0	18.300	0
2020.02.04  06:08:00	Failure	66.204	0	0	0	375.904	0	118.239	0	66.810	9	11.900	0	7.650	0	18.200	0
2020.02.04  06:09:00	Failure	68.334	0	0	0	373.501	0	122.472	0	66.980	9	12.000	0	7.650	0	18.200	0
2020.02.04  06:10:00	Failure	66.996	0	0	0	384.388	0	131.871	0	67.240	9	12.100	0	7.650	0	18.200	0
2020.02.04  06:11:00	Failure	66.954	0	0	0	379.639	0	129.228	0	66.650	9	11.900	0	7.650	0	18.200	0
2020.02.04  06:12:00	Failure	68.401	0	0	0	375.642	0	126.986	0	66.970	9	12.000	0	7.640	0	18.200	0
2020.02.04  06:13:00	Failure	67.417	0	0	0	375.613	0	129.221	0	67.200	9	12.000	0	7.640	0	18.200	0
2020.02.04  06:14:00	Failure	64.259	0	0	0	372.863	0	130.243	0	66.580	9	11.800	0	7.630	0	18.200	0
2020.02.04  06:15:00	Failure	67.813	0	0	0	376.540	0	128.527	0	67.040	9	11.900	0	7.620	0	18.200	0
2020.02.04  06:16:00	Failure	68.014	0	0	0	378.456	0	135.346	0	66.800	9	12.000	0	7.620	0	18.200	0
2020.02.04  06:17:00	Failure	68.553	0	0	0	375.906	0	129.346	0	66.120	9	11.800	0	7.630	0	18.200	0
2020.02.04  06:18:00	Failure	65.376	0	0	0	386.066	0	135.966	0	66.140	9	11.800	0	7.630	0	18.200	0
2020.02.04  06:19:00	Failure	70.621	0	0	0	391.003	0	137.080	0	66.140	9	11.800	0	7.630	0	18.200	0
2020.02.04  06:20:00	Failure	69.273	0	0	0	385.701	0	135.031	0	65.610	9	11.700	0	7.630	0	18.200	0
2020.02.04  06:21:00	Failure	72.291	0	0	0	393.838	0	135.085	0	66.050	9	11.800	0	7.630	0	18.200	0
2020.02.04  06:22:00	Failure	72.585	0	0	0	404.631	0	144.660	0	66.110	9	11.800	0	7.630	0	18.200	0
2020.02.04  06:23:00	Failure	73.353	0	0	0	398.675	0	131.969	0	65.670	9	11.700	0	7.630	0	18.200	0
2020.02.04  06:24:00	Failure	76.739	0	0	0	409.081	0	140.454	0	65.950	9	11.700	0	7.630	0	18.200	0
2020.02.04  06:25:00	Failure	79.164	0	0	0	402.615	0	130.730	0	66.290	9	11.800	0	7.620	0	18.200	0
2020.02.04  06:26:00	Failure	75.814	0	0	0	395.666	0	130.355	0	66.450	9	11.800	0	7.630	0	18.100	0
2020.02.04  06:27:00	Failure	76.862	0	0	0	407.124	0	114.530	0	66.960	9	11.900	0	7.620	0	18.100	0
2020.02.04  06:28:00	Failure	77.380	0	0	0	406.640	0	125.642	0	67.120	9	12.000	0	7.620	0	18.100	0
2020.02.04  06:29:00	Failure	70.267	0	0	0	394.225	0	125.103	0	66.630	9	11.900	0	7.620	0	18.100	0
2020.02.04  06:30:00	Failure	74.739	0	0	0	405.048	0	123.448	0	66.760	9	11.900	0	7.630	0	18.100	0
2020.02.04  06:31:00	Failure	73.257	0	0	0	397.520	0	133.496	0	67.060	9	12.000	0	7.620	0	18.100	0
2020.02.04  06:32:00	Failure	72.233	0	0	0	396.674	0	124.641	0	66.770	9	11.900	0	7.630	0	18.100	0
2020.02.04  06:33:00	Failure	72.523	0	0	0	406.484	0	130.159	0	66.660	9	11.900	0	7.640	0	18.100	0
2020.02.04  06:34:00	Failure	72.849	0	0	0	399.952	0	131.961	0	67.060	9	11.900	0	7.640	0	18.100	0
2020.02.04  06:35:00	Failure	70.497	0	0	0	405.930	0	134.331	0	66.380	9	11.800	0	7.640	0	18.100	0
2020.02.04  06:36:00	Failure	72.801	0	0	0	405.465	0	143.686	0	66.710	9	11.800	0	7.640	0	18.100	0
2020.02.04  06:37:00	Failure	72.772	0	0	0	407.400	0	131.734	0	67.010	9	11.900	0	7.630	0	18.100	0
2020.02.04  06:38:00	Failure	72.049	0	0	0	398.758	0	136.026	0	66.850	9	11.800	0	7.630	0	18.100	0
2020.02.04  06:39:00	Failure	73.869	0	0	0	405.648	0	130.428	0	67.100	9	11.900	0	7.630	0	18.100	0
2020.02.04  06:40:00	Failure	94.524	0	0	0	409.790	0	115.715	0	67.400	9	11.900	0	7.630	0	18.100	0
2020.02.04  06:41:00	Failure	71.823	0	0	0	394.122	0	136.014	0	66.910	9	11.900	0	7.620	0	18.100	0
2020.02.04  06:42:00	Failure	71.087	0	0	0	405.294	0	138.290	0	67.250	9	11.900	0	7.620	0	18.100	0
2020.02.04  06:43:00	Failure	71.575	0	0	0	409.333	0	130.326	0	67.430	9	12.000	0	7.620	0	18.000	0
2020.02.04  06:44:00	Failure	75.058	0	0	0	397.775	0	130.536	0	66.860	9	11.800	0	7.620	0	18.000	0
2020.02.04  06:45:00	Failure	73.707	0	0	0	406.561	0	132.599	0	67.210	9	11.900	0	7.620	0	18.000	0
2020.02.04  06:46:00	Failure	75.890	0	0	0	412.105	0	138.210	0	67.410	9	12.000	0	7.620	0	18.000	0
2020.02.04  06:47:00	Failure	73.317	0	0	0	408.164	0	146.581	0	67.020	9	11.800	0	7.620	0	18.000	0
2020.02.04  06:48:00	Failure	73.372	0	0	0	412.450	0	138.468	0	67.410	9	11.900	0	7.610	0	18.000	0
2020.02.04  06:49:00	Failure	75.841	0	0	0	406.307	0	135.041	0	67.530	9	11.900	0	7.610	0	18.000	0
2020.02.04  06:50:00	Failure	74.381	0	0	0	400.923	0	118.901	0	66.490	9	11.800	0	7.620	0	18.000	0
2020.02.04  06:51:00	Failure	74.926	0	0	0	412.837	0	131.517	0	67.090	9	12.000	0	7.620	0	18.000	0
2020.02.04  06:52:00	Failure	74.457	0	0	0	408.804	0	127.421	0	67.490	9	12.000	0	7.610	0	18.000	0
2020.02.04  06:53:00	Failure	73.526	0	0	0	407.118	0	134.779	0	66.910	9	11.900	0	7.610	0	18.000	0
2020.02.04  06:54:00	Failure	73.736	0	0	0	411.990	0	131.032	0	67.470	9	12.000	0	7.610	0	18.000	0
2020.02.04  06:55:00	Failure	72.890	0	0	0	401.054	0	128.185	0	67.650	9	12.000	0	7.610	0	18.000	0
2020.02.04  06:56:00	Failure	69.467	0	0	0	407.373	0	148.387	0	66.740	9	11.800	0	7.610	0	18.000	0
2020.02.04  06:57:00	Failure	74.600	0	0	0	399.259	0	131.802	0	67.130	9	11.900	0	7.610	0	18.000	0
2020.02.04  06:58:00	Failure	73.484	0	0	0	407.372	0	121.782	0	67.310	9	12.000	0	7.610	0	18.000	0
2020.02.04  06:59:00	Failure	73.877	0	0	0	410.505	0	136.478	0	66.820	9	11.900	0	7.610	0	18.000	0
2020.02.04  07:00:00	Failure	77.978	0	0	0	413.065	0	117.738	0	67.440	9	12.000	0	7.610	0	18.000	0
2020.02.04  07:01:00	Failure	79.420	0	0	0	411.075	0	122.076	0	67.920	9	12.100	0	7.600	0	18.000	0
2020.02.04  07:02:00	Failure	76.469	0	0	0	418.333	0	143.746	0	66.820	9	11.900	0	7.600	0	18.000	0
2020.02.04  07:03:00	Failure	74.492	0	0	0	414.096	0	127.054	0	67.090	9	12.000	0	7.600	0	18.000	0
2020.02.04  07:04:00	Failure	76.839	0	0	0	415.943	0	141.656	0	67.290	9	12.000	0	7.600	0	18.000	0
2020.02.04  07:05:00	Failure	73.215	0	0	0	405.371	0	136.483	0	66.840	9	11.800	0	7.600	0	17.900	0
2020.02.04  07:06:00	Failure	73.608	0	0	0	406.951	0	123.431	0	67.190	9	11.900	0	7.600	0	17.900	0
2020.02.04  07:07:00	Failure	77.793	0	0	0	412.148	0	130.494	0	67.600	9	12.000	0	7.590	0	17.900	0
2020.02.04  07:08:00	Failure	72.951	0	0	0	405.261	0	128.249	0	66.890	9	11.900	0	7.590	0	17.900	0
2020.02.04  07:09:00	Failure	76.187	0	0	0	411.452	0	124.762	0	67.130	9	11.900	0	7.590	0	17.900	0
2020.02.04  07:10:00	Failure	74.422	0	0	0	416.960	0	140.216	0	67.390	9	12.000	0	7.590	0	17.900	0
2020.02.04  07:11:00	Failure	76.019	0	0	0	405.587	0	124.765	0	66.540	9	11.800	0	7.590	0	17.900	0
2020.02.04  07:12:00	Failure	76.579	0	0	0	407.877	0	146.687	0	66.990	9	11.900	0	7.590	0	17.900	0
2020.02.04  07:13:00	Failure	78.959	0	0	0	411.032	0	138.014	0	67.100	9	11.900	0	7.590	0	17.900	0
2020.02.04  07:14:00	Failure	86.312	0	0	0	417.308	0	131.803	0	66.950	9	11.900	0	7.570	0	17.900	0
2020.02.04  07:15:00	Failure	75.976	0	0	0	414.094	0	142.800	0	67.290	9	12.000	0	7.560	0	17.900	0
2020.02.04  07:16:00	Failure	77.564	0	0	0	413.113	0	132.144	0	67.390	9	12.000	0	7.560	0	17.900	0
2020.02.04  07:17:00	Failure	76.225	0	0	0	416.633	0	131.345	0	66.420	9	11.800	0	7.570	0	17.900	0
2020.02.04  07:18:00	Failure	76.376	0	0	0	404.716	0	142.996	0	66.160	9	11.800	0	7.570	0	17.900	0
2020.02.04  07:19:00	Failure	72.910	0	0	0	408.590	0	129.334	0	66.120	9	11.900	0	7.560	0	17.900	0
2020.02.04  07:20:00	Failure	74.064	0	0	0	410.831	0	126.087	0	65.500	9	11.700	0	7.580	0	17.900	0
2020.02.04  07:21:00	Failure	79.863	0	0	0	422.628	0	131.362	0	65.660	9	11.700	0	7.570	0	17.900	0
2020.02.04  07:22:00	Failure	81.374	0	0	0	412.475	0	140.302	0	65.650	9	11.800	0	7.570	0	17.900	0
2020.02.04  07:23:00	Failure	74.756	0	0	0	415.097	0	136.261	0	65.360	9	11.700	0	7.570	0	17.900	0
2020.02.04  07:24:00	Failure	78.335	0	0	0	417.770	0	136.087	0	65.860	9	11.800	0	7.570	0	17.900	0
2020.02.04  07:25:00	Failure	77.519	0	0	0	418.269	0	128.437	0	66.200	9	11.900	0	7.560	0	17.900	0
2020.02.04  07:26:00	Failure	75.700	0	0	0	419.092	0	134.350	0	65.800	9	11.800	0	7.570	0	17.900	0
2020.02.04  07:27:00	Failure	77.764	0	0	0	407.087	0	136.312	0	66.180	9	11.900	0	7.560	0	17.900	0
2020.02.04  07:28:00	Failure	78.878	0	0	0	418.921	0	135.132	0	66.440	9	12.000	0	7.560	0	17.900	0
2020.02.04  07:29:00	Failure	77.647	0	0	0	418.014	0	137.502	0	65.750	9	11.700	0	7.570	0	17.800	0
2020.02.04  07:30:00	Failure	79.594	0	0	0	422.332	0	139.825	0	65.980	9	11.800	0	7.570	0	17.800	0
2020.02.04  07:31:00	Failure	78.515	0	0	0	414.326	0	135.945	0	66.220	9	11.900	0	7.570	0	17.800	0
2020.02.04  07:32:00	Failure	77.037	0	0	0	418.919	0	128.711	0	65.630	9	11.800	0	7.580	0	17.800	0
2020.02.04  07:33:00	Failure	76.311	0	0	0	419.655	0	128.111	0	66.060	9	11.900	0	7.580	0	17.800	0
2020.02.04  07:34:00	Failure	80.474	0	0	0	425.501	0	129.040	0	66.420	9	11.900	0	7.570	0	17.800	0
2020.02.04  07:35:00	Failure	77.081	0	0	0	411.109	0	133.374	0	66.060	9	11.800	0	7.570	0	17.800	0
2020.02.04  07:36:00	Failure	77.240	0	0	0	406.822	0	126.960	0	66.720	9	11.900	0	7.570	0	17.800	0
2020.02.04  07:37:00	Failure	77.263	0	0	0	408.934	0	142.615	0	66.800	9	11.900	0	7.560	0	17.800	0
2020.02.04  07:38:00	Failure	73.659	0	0	0	409.501	0	131.012	0	65.920	9	11.800	0	7.560	0	17.800	0
2020.02.04  07:39:00	Failure	74.838	0	0	0	404.663	0	142.809	0	66.130	9	11.800	0	7.560	0	17.800	0
2020.02.04  07:40:00	Failure	76.348	0	0	0	408.595	0	142.331	0	66.330	9	11.900	0	7.550	0	17.800	0
2020.02.04  07:41:00	Failure	75.599	0	0	0	410.654	0	135.337	0	65.900	9	11.800	0	7.550	0	17.800	0
2020.02.04  07:42:00	Failure	76.040	0	0	0	413.398	0	140.982	0	66.120	9	11.800	0	7.550	0	17.800	0
2020.02.04  07:43:00	Failure	76.494	0	0	0	413.533	0	123.114	0	66.190	9	11.900	0	7.550	0	17.800	0
2020.02.04  07:44:00	Failure	73.721	0	0	0	404.527	0	142.820	0	65.610	9	11.800	0	7.550	0	17.800	0
2020.02.04  07:45:00	Failure	76.881	0	0	0	421.609	0	141.645	0	65.730	9	11.800	0	7.550	0	17.800	0
2020.02.04  07:46:00	Failure	79.343	0	0	0	414.949	0	133.393	0	65.900	9	11.800	0	7.550	0	17.800	0
2020.02.04  07:47:00	Failure	80.543	0	0	0	421.129	0	111.590	0	65.180	9	11.700	0	7.550	0	17.800	0
2020.02.04  07:48:00	Failure	75.143	0	0	0	414.597	0	127.959	0	65.690	9	11.800	0	7.550	0	17.800	0
2020.02.04  07:49:00	Failure	79.012	0	0	0	412.149	0	131.883	0	66.010	9	11.900	0	7.540	0	17.800	0
2020.02.04  07:50:00	Failure	75.779	0	0	0	413.145	0	147.922	0	65.210	9	11.700	0	7.540	0	17.700	0
2020.02.04  07:51:00	Failure	79.217	0	0	0	425.004	0	137.764	0	65.460	9	11.800	0	7.530	0	17.700	0
2020.02.04  07:52:00	Failure	76.087	0	0	0	424.297	0	144.915	0	65.600	9	11.800	0	7.530	0	17.700	0
2020.02.04  07:53:00	Failure	76.552	0	0	0	409.295	0	125.100	0	64.880	9	11.700	0	7.530	0	17.700	0
2020.02.04  07:54:00	Failure	80.245	0	0	0	422.490	0	134.462	0	65.140	9	11.700	0	7.530	0	17.700	0
2020.02.04  07:55:00	Failure	77.659	0	0	0	414.515	0	131.974	0	65.240	9	11.800	0	7.530	0	17.700	0
2020.02.04  07:56:00	Failure	73.725	0	0	0	408.712	0	131.176	0	64.680	9	11.600	0	7.530	0	17.700	0
2020.02.04  07:57:00	Failure	76.903	0	0	0	422.205	0	149.820	0	64.910	9	11.700	0	7.530	0	17.700	0
2020.02.04  07:58:00	Failure	77.643	0	0	0	421.741	0	134.794	0	65.150	9	11.800	0	7.520	0	17.700	0
2020.02.04  07:59:00	Failure	75.921	0	0	0	414.033	0	133.212	0	64.710	9	11.700	0	7.520	0	17.700	0
2020.02.04  08:00:00	Failure	71.748	0	0	0	411.453	0	145.737	0	65.120	9	11.800	0	7.510	0	17.700	0
2020.02.04  08:01:00	Failure	77.707	0	0	0	411.492	0	142.039	0	65.420	9	11.800	0	7.510	0	17.700	0
2020.02.04  08:02:00	Failure	74.168	0	0	0	402.750	0	128.028	0	64.690	9	11.700	0	7.510	0	17.700	0
2020.02.04  08:03:00	Failure	75.128	0	0	0	408.149	0	133.700	0	64.870	9	11.700	0	7.510	0	17.700	0
2020.02.04  08:04:00	Failure	76.493	0	0	0	409.775	0	130.731	0	64.990	9	11.800	0	7.500	0	17.700	0
2020.02.04  08:05:00	Failure	76.285	0	0	0	416.833	0	146.134	0	64.310	9	11.700	0	7.510	0	17.700	0
2020.02.04  08:06:00	Failure	77.808	0	0	0	417.830	0	132.680	0	64.530	9	11.700	0	7.510	0	17.700	0
2020.02.04  08:07:00	Failure	77.898	0	0	0	434.656	0	127.617	0	64.670	9	11.800	0	7.500	0	17.700	0
2020.02.04  08:08:00	Failure	78.711	0	0	0	423.703	0	134.537	0	64.170	9	11.700	0	7.500	0	17.700	0
2020.02.04  08:09:00	Failure	75.670	0	0	0	411.057	0	137.510	0	64.330	9	11.700	0	7.500	0	17.600	0
2020.02.04  08:10:00	Failure	76.110	0	0	0	411.227	0	141.077	0	64.570	9	11.800	0	7.490	0	17.600	0
2020.02.04  08:11:00	Failure	77.123	0	0	0	420.178	0	117.855	0	64.170	9	11.600	0	7.490	0	17.600	0
2020.02.04  08:12:00	Failure	78.269	0	0	0	420.678	0	129.850	0	64.350	9	11.700	0	7.490	0	17.600	0
2020.02.04  08:13:00	Failure	77.899	0	0	0	420.470	0	136.294	0	64.670	9	11.800	0	7.490	0	17.600	0
2020.02.04  08:14:00	Failure	76.515	0	0	0	422.598	0	135.961	0	63.850	9	11.700	0	7.480	0	17.600	0
2020.02.04  08:15:00	Failure	74.687	0	0	0	412.539	0	130.132	0	63.970	9	11.800	0	7.470	0	17.600	0
2020.02.04  08:16:00	Failure	79.192	0	0	0	426.080	0	136.157	0	63.930	9	11.800	0	7.470	0	17.600	0
2020.02.04  08:17:00	Failure	76.636	0	0	0	414.560	0	140.732	0	63.680	9	11.700	0	7.470	0	17.600	0
2020.02.04  08:18:00	Failure	77.627	0	0	0	420.931	0	141.841	0	63.250	9	11.600	0	7.470	0	17.600	0
2020.02.04  08:19:00	Failure	76.506	0	0	0	416.813	0	135.178	0	63.090	9	11.600	0	7.470	0	17.600	0
2020.02.04  08:20:00	Failure	77.917	0	0	0	420.554	0	139.515	0	62.620	9	11.500	0	7.470	0	17.600	0
2020.02.04  08:21:00	Failure	79.381	0	0	0	427.873	0	132.255	0	62.620	9	11.500	0	7.470	0	17.600	0
2020.02.04  08:22:00	Failure	82.287	0	0	0	430.355	0	141.971	0	62.680	9	11.600	0	7.470	0	17.600	0
2020.02.04  08:23:00	Failure	76.720	0	0	0	418.203	0	133.607	0	62.530	9	11.500	0	7.470	0	17.600	0
2020.02.04  08:24:00	Failure	78.308	0	0	0	420.233	0	131.673	0	62.910	9	11.600	0	7.460	0	17.600	0
2020.02.04  08:25:00	Failure	76.766	0	0	0	416.031	0	138.895	0	62.980	9	11.600	0	7.460	0	17.600	0
2020.02.04  08:26:00	Failure	79.206	0	0	0	422.659	0	135.778	0	62.870	9	11.600	0	7.460	0	17.600	0
2020.02.04  08:27:00	Failure	78.806	0	0	0	424.894	0	154.211	0	63.020	9	11.700	0	7.460	0	17.600	0
2020.02.04  08:28:00	Failure	82.989	0	0	0	434.690	0	128.180	0	63.200	9	11.700	0	7.460	0	17.600	0
2020.02.04  08:29:00	Failure	79.406	0	0	0	434.525	0	139.518	0	62.690	9	11.600	0	7.470	0	17.500	0
2020.02.04  08:30:00	Failure	76.964	0	0	0	418.381	0	135.786	0	62.950	9	11.600	0	7.470	0	17.500	0
2020.02.04  08:31:00	Failure	79.942	0	0	0	434.106	0	119.023	0	63.160	9	11.700	0	7.470	0	17.500	0
2020.02.04  08:32:00	Failure	78.599	0	0	0	422.007	0	124.353	0	62.920	9	11.600	0	7.470	0	17.500	0
2020.02.04  08:33:00	Failure	80.440	0	0	0	431.166	0	138.405	0	63.290	9	11.700	0	7.470	0	17.500	0
2020.02.04  08:34:00	Failure	80.544	0	0	0	429.257	0	125.163	0	63.640	9	11.800	0	7.460	0	17.500	0
2020.02.04  08:35:00	Failure	77.245	0	0	0	414.767	0	119.377	0	63.160	9	11.600	0	7.460	0	17.500	0
2020.02.04  08:36:00	Failure	77.254	0	0	0	424.165	0	128.606	0	63.540	9	11.700	0	7.460	0	17.500	0
2020.02.04  08:37:00	Failure	78.634	0	0	0	427.191	0	139.265	0	63.580	9	11.700	0	7.460	0	17.500	0
2020.02.04  08:38:00	Failure	78.608	0	0	0	418.998	0	132.064	0	63.050	9	11.600	0	7.460	0	17.500	0
2020.02.04  08:39:00	Failure	78.804	0	0	0	423.903	0	129.014	0	63.120	9	11.700	0	7.460	0	17.500	0
2020.02.04  08:40:00	Failure	78.069	0	0	0	417.857	0	121.530	0	63.390	9	11.700	0	7.460	0	17.500	0
2020.02.04  08:41:00	Failure	74.639	0	0	0	416.897	0	132.033	0	62.950	9	11.700	0	7.460	0	17.500	0
2020.02.04  08:42:00	Failure	78.244	0	0	0	413.765	0	130.795	0	63.260	9	11.700	0	7.460	0	17.500	0
2020.02.04  08:43:00	Failure	78.368	0	0	0	418.217	0	134.398	0	63.620	9	11.800	0	7.460	0	17.500	0
2020.02.04  08:44:00	Failure	80.150	0	0	0	437.904	0	148.873	0	62.950	9	11.600	0	7.450	0	17.500	0
2020.02.04  08:45:00	Failure	80.083	0	0	0	427.155	0	137.925	0	63.070	9	11.600	0	7.450	0	17.500	0
2020.02.04  08:46:00	Failure	79.078	0	0	0	422.441	0	123.895	0	63.220	9	11.700	0	7.450	0	17.500	0
2020.02.04  08:47:00	Failure	76.712	0	0	0	430.536	0	139.097	0	62.690	9	11.500	0	7.460	0	17.400	0
2020.02.04  08:48:00	Failure	78.366	0	0	0	432.212	0	127.942	0	62.970	9	11.600	0	7.450	0	17.400	0
2020.02.04  08:49:00	Failure	77.296	0	0	0	424.314	0	138.499	0	63.170	9	11.700	0	7.450	0	17.400	0
2020.02.04  08:50:00	Failure	77.851	0	0	0	428.086	0	137.956	0	62.920	9	11.600	0	7.450	0	17.400	0
2020.02.04  08:51:00	Failure	81.093	0	0	0	428.241	0	112.183	0	62.920	9	11.600	0	7.460	0	17.400	0
2020.02.04  08:52:00	Failure	79.060	0	0	0	430.747	0	139.312	0	63.210	9	11.700	0	7.450	0	17.400	0
2020.02.04  08:53:00	Failure	77.756	0	0	0	427.855	0	128.580	0	62.690	9	11.600	0	7.450	0	17.400	0
2020.02.04  08:54:00	Failure	81.284	0	0	0	420.501	0	129.693	0	63.130	9	11.700	0	7.460	0	17.400	0
2020.02.04  08:55:00	Failure	79.712	0	0	0	435.285	0	131.890	0	63.270	9	11.700	0	7.450	0	17.400	0
2020.02.04  08:56:00	Failure	75.290	0	0	0	420.719	0	114.776	0	62.570	9	11.600	0	7.460	0	17.400	0
2020.02.04  08:57:00	Failure	78.602	0	0	0	424.221	0	136.093	0	62.900	9	11.700	0	7.460	0	17.400	0
2020.02.04  08:58:00	Failure	79.621	0	0	0	425.719	0	129.279	0	63.150	9	11.700	0	7.460	0	17.400	0
2020.02.04  08:59:00	Failure	79.257	0	0	0	423.691	0	140.141	0	62.680	9	11.600	0	7.450	0	17.400	0
2020.02.04  09:00:00	Failure	76.698	0	0	0	420.379	0	138.310	0	62.980	9	11.600	0	7.450	0	17.400	0
2020.02.04  09:01:00	Failure	81.017	0	0	0	430.267	0	133.292	0	63.300	9	11.700	0	7.450	0	17.400	0
2020.02.04  09:02:00	Failure	88.342	0	0	0	441.964	0	141.289	0	62.880	9	11.600	0	7.460	0	17.400	0
2020.02.04  09:03:00	Failure	78.509	0	0	0	431.661	0	136.598	0	63.240	9	11.700	0	7.450	0	17.400	0
2020.02.04  09:04:00	Failure	78.505	0	0	0	430.762	0	136.332	0	63.430	9	11.700	0	7.450	0	17.400	0
2020.02.04  09:05:00	Failure	78.148	0	0	0	436.028	0	121.580	0	62.790	9	11.600	0	7.460	0	17.300	0
2020.02.04  09:06:00	Failure	79.153	0	0	0	421.714	0	124.848	0	62.950	9	11.600	0	7.460	0	17.400	0
2020.02.04  09:07:00	Failure	79.995	0	0	0	428.285	0	138.153	0	63.120	9	11.700	0	7.460	0	17.300	0
2020.02.04  09:08:00	Failure	77.329	0	0	0	428.909	0	138.318	0	62.950	9	11.600	0	7.460	0	17.300	0
2020.02.04  09:09:00	Failure	77.649	0	0	0	417.428	0	128.026	0	63.430	9	11.600	0	7.460	0	17.300	0
2020.02.04  09:10:00	Failure	78.445	0	0	0	429.470	0	137.597	0	63.670	9	11.700	0	7.460	0	17.300	0
2020.02.04  09:11:00	Failure	81.945	0	0	0	432.246	0	129.857	0	63.270	9	11.600	0	7.460	0	17.300	0
2020.02.04  09:12:00	Failure	77.273	0	0	0	432.113	0	140.353	0	63.730	9	11.700	0	7.460	0	17.300	0
2020.02.04  09:13:00	Failure	82.355	0	0	0	443.128	0	131.514	0	63.930	9	11.700	0	7.470	0	17.300	0
2020.02.04  09:14:00	Failure	77.100	0	0	0	431.920	0	148.494	0	63.210	9	11.600	0	7.460	0	17.300	0
2020.02.04  09:15:00	Failure	78.455	0	0	0	429.326	0	135.424	0	63.810	9	11.700	0	7.450	0	17.300	0
2020.02.04  09:16:00	Failure	78.910	0	0	0	432.747	0	146.099	0	63.870	9	11.700	0	7.450	0	17.300	0
2020.02.04  09:17:00	Failure	79.060	0	0	0	432.330	0	135.700	0	63.290	9	11.600	0	7.460	0	17.300	0
2020.02.04  09:18:00	Failure	82.552	0	0	0	436.046	0	129.137	0	63.210	9	11.600	0	7.460	0	17.300	0
2020.02.04  09:19:00	Failure	82.952	0	0	0	443.871	0	124.601	0	63.110	9	11.600	0	7.460	0	17.300	0
2020.02.04  09:20:00	Failure	80.736	0	0	0	445.818	0	156.608	0	62.500	9	11.400	0	7.480	0	17.300	0
2020.02.04  09:21:00	Failure	81.901	0	0	0	433.649	0	117.775	0	62.600	9	11.400	0	7.480	0	17.300	0
2020.02.04  09:22:00	Failure	84.769	0	0	0	449.669	0	156.238	0	63.000	9	11.500	0	7.480	0	17.300	0
2020.02.04  09:23:00	Failure	83.783	0	0	0	441.969	0	134.254	0	63.260	9	11.500	0	7.480	0	17.300	0
2020.02.04  09:24:00	Failure	81.446	0	0	0	436.705	0	133.055	0	63.690	9	11.600	0	7.480	0	17.300	0
2020.02.04  09:25:00	Failure	84.965	0	0	0	449.669	0	157.456	0	63.840	9	11.600	0	7.480	0	17.300	0
2020.02.04  09:26:00	Failure	82.345	0	0	0	447.157	0	140.105	0	63.620	9	11.500	0	7.480	0	17.300	0
2020.02.04  09:27:00	Failure	81.297	0	0	0	447.494	0	140.432	0	63.890	9	11.600	0	7.490	0	17.300	0
2020.02.04  09:28:00	Failure	84.826	0	0	0	440.469	0	138.029	0	64.050	9	11.600	0	7.490	0	17.300	0
2020.02.04  09:29:00	Failure	84.769	0	0	0	445.900	0	131.872	0	63.690	9	11.400	0	7.510	0	17.300	0
2020.02.04  09:30:00	Failure	83.342	0	0	0	451.148	0	137.447	0	64.200	9	11.500	0	7.520	0	17.300	0
2020.02.04  09:31:00	Failure	84.524	0	0	0	450.819	0	145.161	0	64.720	9	11.600	0	7.530	0	17.300	0
2020.02.04  09:32:00	Failure	81.542	0	0	0	452.978	0	142.486	0	64.660	9	11.500	0	7.530	0	17.300	0
2020.02.04  09:33:00	Failure	85.374	0	0	0	460.431	0	162.736	0	65.220	9	11.500	0	7.530	0	17.300	0
2020.02.04  09:34:00	Failure	85.473	0	0	0	457.452	0	150.614	0	65.680	9	11.600	0	7.530	0	17.300	0
2020.02.04  09:35:00	Failure	84.308	0	0	0	448.002	0	141.558	0	65.370	9	11.500	0	7.540	0	17.300	0
2020.02.04  09:36:00	Failure	86.570	0	0	0	452.685	0	150.759	0	65.960	9	11.600	0	7.540	0	17.300	0
2020.02.04  09:37:00	Failure	84.853	0	0	0	451.697	0	148.531	0	66.190	9	11.700	0	7.550	0	17.300	0
2020.02.04  09:38:00	Failure	82.782	0	0	0	450.083	0	147.040	0	66.040	9	11.500	0	7.550	0	17.300	0
2020.02.04  09:39:00	Failure	82.933	0	0	0	449.773	0	136.396	0	66.470	9	11.600	0	7.550	0	17.300	0
2020.02.04  09:40:00	Failure	82.413	0	0	0	446.664	0	141.366	0	66.850	9	11.700	0	7.560	0	17.300	0
2020.02.04  09:41:00	Failure	81.290	0	0	0	446.330	0	157.382	0	66.350	9	11.600	0	7.570	0	17.300	0
2020.02.04  09:42:00	Failure	85.122	0	0	0	461.880	0	142.618	0	66.950	9	11.600	0	7.570	0	17.300	0
2020.02.04  09:43:00	Failure	80.943	0	0	0	443.124	0	135.603	0	67.280	9	11.700	0	7.570	0	17.300	0
2020.02.04  09:44:00	Failure	79.860	0	0	0	448.042	0	135.588	0	66.790	9	11.500	0	7.580	0	17.300	0
2020.02.04  09:45:00	Failure	84.943	0	0	0	456.928	0	140.700	0	67.280	9	11.600	0	7.580	0	17.300	0
2020.02.04  09:46:00	Failure	83.891	0	0	0	462.698	0	145.789	0	67.510	9	11.700	0	7.580	0	17.300	0
2020.02.04  09:47:00	Failure	82.013	0	0	0	461.149	0	152.236	0	66.820	9	11.500	0	7.590	0	17.300	0
2020.02.04  09:48:00	Failure	79.749	0	0	0	453.166	0	156.402	0	67.180	9	11.500	0	7.600	0	17.300	0
2020.02.04  09:49:00	Failure	84.751	0	0	0	465.809	0	155.089	0	67.330	9	11.600	0	7.600	0	17.300	0
2020.02.04  09:50:00	Failure	83.570	0	0	0	456.058	0	156.645	0	67.310	9	11.500	0	7.590	0	17.300	0
2020.02.04  09:51:00	Failure	82.030	0	0	0	449.647	0	150.466	0	67.730	9	11.600	0	7.590	0	17.300	0
2020.02.04  09:52:00	Failure	86.518	0	0	0	456.106	0	149.401	0	67.980	9	11.700	0	7.590	0	17.300	0
2020.02.04  09:53:00	Failure	80.868	0	0	0	451.329	0	145.734	0	67.620	9	11.500	0	7.600	0	17.300	0
2020.02.04  09:54:00	Failure	108.302	0	0	0	479.774	0	133.000	0	68.210	9	11.600	0	7.600	0	17.400	0
2020.02.04  09:55:00	Failure	79.078	0	0	0	458.198	0	151.733	0	68.540	9	11.600	0	7.600	0	17.300	0
2020.02.04  09:56:00	Failure	81.303	0	0	0	455.040	0	158.243	0	67.660	9	11.500	0	7.610	0	17.400	0
2020.02.04  09:57:00	Failure	93.691	0	0	0	464.094	0	141.838	0	68.090	9	11.600	0	7.620	0	17.300	0
2020.02.04  09:58:00	Failure	84.587	0	0	0	454.583	0	144.489	0	68.450	9	11.600	0	7.610	0	17.400	0
2020.02.04  09:59:00	Failure	83.366	0	0	0	462.857	0	159.155	0	68.040	9	11.500	0	7.610	0	17.400	0
2020.02.04  10:00:00	Failure	86.555	0	0	0	455.942	0	146.550	0	68.520	9	11.600	0	7.610	0	17.400	0
2020.02.04  10:01:00	Failure	81.503	0	0	0	465.395	0	164.149	0	68.750	9	11.700	0	7.610	0	17.400	0
2020.02.04  10:02:00	Failure	80.176	0	0	0	453.707	0	153.809	0	68.050	9	11.500	0	7.620	0	17.400	0
2020.02.04  10:03:00	Failure	82.804	0	0	0	459.930	0	137.822	0	68.500	9	11.600	0	7.620	0	17.400	0
2020.02.04  10:04:00	Failure	84.020	0	0	0	456.600	0	150.988	0	68.870	9	11.700	0	7.620	0	17.400	0
2020.02.04  10:05:00	Failure	80.169	0	0	0	446.500	0	143.509	0	68.100	9	11.500	0	7.620	0	17.400	0
2020.02.04  10:06:00	Failure	84.905	0	0	0	448.083	0	157.520	0	68.570	9	11.600	0	7.630	0	17.400	0
2020.02.04  10:07:00	Failure	81.770	0	0	0	450.761	0	145.177	0	68.830	9	11.600	0	7.630	0	17.400	0
2020.02.04  10:08:00	Failure	85.116	0	0	0	456.842	0	148.361	0	68.280	9	11.500	0	7.630	0	17.400	0
2020.02.04  10:09:00	Failure	80.572	0	0	0	452.419	0	157.077	0	68.720	9	11.600	0	7.630	0	17.400	0
2020.02.04  10:10:00	Failure	82.503	0	0	0	451.645	0	153.445	0	69.040	9	11.600	0	7.630	0	17.400	0
2020.02.04  10:11:00	Failure	79.897	0	0	0	451.870	0	146.627	0	68.540	9	11.500	0	7.640	0	17.400	0
2020.02.04  10:12:00	Failure	81.827	0	0	0	454.477	0	150.207	0	68.900	9	11.600	0	7.640	0	17.400	0
2020.02.04  10:13:00	Failure	82.458	0	0	0	447.103	0	141.790	0	69.130	9	11.700	0	7.640	0	17.400	0
2020.02.04  10:14:00	Failure	79.366	0	0	0	446.209	0	148.237	0	68.500	9	11.500	0	7.630	0	17.400	0
2020.02.04  10:15:00	Failure	82.557	0	0	0	457.802	0	159.683	0	69.250	9	11.700	0	7.610	0	17.400	0
2020.02.04  10:16:00	Failure	76.690	0	0	0	448.837	0	142.331	0	69.440	9	11.800	0	7.610	0	17.400	0
2020.02.04  10:17:00	Failure	79.054	0	0	0	438.655	0	143.964	0	68.570	9	11.600	0	7.610	0	17.400	0
2020.02.04  10:18:00	Failure	82.723	0	0	0	450.521	0	145.472	0	68.470	9	11.600	0	7.610	0	17.400	0
2020.02.04  10:19:00	Failure	82.867	0	0	0	442.292	0	139.024	0	68.550	9	11.700	0	7.610	0	17.400	0
2020.02.04  10:20:00	Failure	84.539	0	0	0	457.338	0	153.736	0	67.770	9	11.500	0	7.620	0	17.400	0
2020.02.04  10:21:00	Failure	85.893	0	0	0	454.130	0	158.473	0	68.340	9	11.500	0	7.620	0	17.400	0
2020.02.04  10:22:00	Failure	89.035	0	0	0	466.813	0	151.583	0	68.870	9	11.600	0	7.620	0	17.400	0
2020.02.04  10:23:00	Failure	81.256	0	0	0	447.134	0	147.759	0	68.350	9	11.500	0	7.630	0	17.400	0
2020.02.04  10:24:00	Failure	84.775	0	0	0	459.539	0	145.766	0	68.730	9	11.600	0	7.640	0	17.400	0
2020.02.04  10:25:00	Failure	84.982	0	0	0	454.976	0	143.958	0	68.930	9	11.600	0	7.630	0	17.400	0
2020.02.04  10:26:00	Failure	80.262	0	0	0	452.379	0	151.565	0	68.330	9	11.500	0	7.640	0	17.400	0
2020.02.04  10:27:00	Failure	83.207	0	0	0	453.939	0	151.159	0	68.950	9	11.500	0	7.650	0	17.400	0
2020.02.04  10:28:00	Failure	86.097	0	0	0	444.986	0	151.110	0	69.180	9	11.600	0	7.640	0	17.400	0
2020.02.04  10:29:00	Failure	80.703	0	0	0	447.523	0	146.821	0	68.720	9	11.500	0	7.650	0	17.400	0
2020.02.04  10:30:00	Failure	83.044	0	0	0	439.742	0	159.595	0	69.360	9	11.600	0	7.650	0	17.400	0
2020.02.04  10:31:00	Failure	80.526	0	0	0	450.276	0	156.463	0	69.580	9	11.700	0	7.650	0	17.400	0
2020.02.04  10:32:00	Failure	79.364	0	0	0	448.551	0	149.741	0	68.920	9	11.500	0	7.650	0	17.400	0
2020.02.04  10:33:00	Failure	79.382	0	0	0	443.187	0	143.583	0	69.680	9	11.700	0	7.650	0	17.400	0
2020.02.04  10:34:00	Failure	80.533	0	0	0	439.767	0	159.799	0	70.050	9	11.700	0	7.650	0	17.400	0
2020.02.04  10:35:00	Failure	76.385	0	0	0	447.772	0	151.098	0	69.280	9	11.500	0	7.670	0	17.400	0
2020.02.04  10:36:00	Failure	139.673	0	0	0	499.318	0	148.632	0	70.130	9	11.600	0	7.670	0	17.400	0
2020.02.04  10:37:00	Failure	82.561	0	0	0	457.819	0	158.745	0	70.480	9	11.700	0	7.670	0	17.400	0
2020.02.04  10:38:00	Failure	78.766	0	0	0	456.033	0	152.561	0	69.770	9	11.500	0	7.670	0	17.400	0
2020.02.04  10:39:00	Failure	81.251	0	0	0	453.507	0	140.343	0	70.340	9	11.700	0	7.670	0	17.400	0
2020.02.04  10:40:00	Failure	78.928	0	0	0	449.875	0	158.297	0	70.450	9	11.700	0	7.670	0	17.400	0
2020.02.04  10:41:00	Failure	83.788	0	0	0	452.204	0	160.213	0	69.770	9	11.500	0	7.660	0	17.400	0
2020.02.04  10:42:00	Failure	82.373	0	0	0	445.029	0	140.274	0	70.420	9	11.700	0	7.660	0	17.400	0
2020.02.04  10:43:00	Failure	86.301	0	0	0	461.313	0	164.600	0	70.690	9	11.700	0	7.660	0	17.400	0
2020.02.04  10:44:00	Failure	81.634	0	0	0	458.879	0	162.376	0	70.090	9	11.600	0	7.660	0	17.400	0
2020.02.04  10:45:00	Failure	83.226	0	0	0	445.824	0	146.481	0	70.570	9	11.700	0	7.670	0	17.400	0
2020.02.04  10:46:00	Failure	83.543	0	0	0	451.646	0	138.355	0	70.970	9	11.700	0	7.670	0	17.400	0
2020.02.04  10:47:00	Failure	82.164	0	0	0	463.025	0	142.540	0	70.650	9	11.700	0	7.670	0	17.400	0
2020.02.04  10:48:00	Failure	80.926	0	0	0	449.136	0	145.808	0	71.060	9	11.700	0	7.670	0	17.400	0
2020.02.04  10:49:00	Failure	79.897	0	0	0	440.375	0	142.411	0	71.370	9	11.700	0	7.670	0	17.500	0
2020.02.04  10:50:00	Failure	82.555	0	0	0	459.040	0	165.205	0	70.260	9	11.600	0	7.680	0	17.500	0
2020.02.04  10:51:00	Failure	83.816	0	0	0	446.285	0	151.507	0	71.100	9	11.700	0	7.680	0	17.500	0
2020.02.04  10:52:00	Failure	81.006	0	0	0	450.351	0	139.734	0	71.450	9	11.700	0	7.680	0	17.500	0
2020.02.04  10:53:00	Failure	78.866	0	0	0	451.410	0	157.421	0	70.250	9	11.600	0	7.700	0	17.500	0
2020.02.04  10:54:00	Failure	82.186	0	0	0	454.485	0	149.717	0	70.830	9	11.700	0	7.700	0	17.600	0
2020.02.04  10:55:00	Failure	85.454	0	0	0	458.143	0	148.601	0	71.290	9	11.800	0	7.700	0	17.600	0
2020.02.04  10:56:00	Failure	85.063	0	0	0	456.510	0	142.492	0	70.500	9	11.600	0	7.720	0	17.600	0
2020.02.04  10:57:00	Failure	84.028	0	0	0	454.345	0	154.458	0	71.350	9	11.700	0	7.720	0	17.600	0
2020.02.04  10:58:00	Failure	84.617	0	0	0	451.169	0	166.485	0	71.620	9	11.800	0	7.720	0	17.600	0
2020.02.04  10:59:00	Failure	85.268	0	0	0	460.781	0	154.362	0	70.860	9	11.600	0	7.730	0	17.600	0
2020.02.04  11:00:00	Failure	88.260	0	0	0	468.412	0	158.372	0	71.520	9	11.700	0	7.740	0	17.600	0
2020.02.04  11:01:00	Failure	88.005	0	0	0	462.381	0	149.298	0	71.820	9	11.700	0	7.730	0	17.600	0
2020.02.04  11:02:00	Failure	82.721	0	0	0	462.661	0	157.238	0	71.150	9	11.600	0	7.740	0	17.600	0
2020.02.04  11:03:00	Failure	83.598	0	0	0	451.964	0	151.114	0	71.790	9	11.700	0	7.740	0	17.600	0
2020.02.04  11:04:00	Failure	84.510	0	0	0	463.028	0	167.154	0	71.920	9	11.700	0	7.740	0	17.600	0
2020.02.04  11:05:00	Failure	84.901	0	0	0	466.321	0	152.999	0	71.470	9	11.600	0	7.740	0	17.600	0
2020.02.04  11:06:00	Failure	87.923	0	0	0	452.938	0	165.539	0	71.910	9	11.700	0	7.750	0	17.600	0
2020.02.04  11:07:00	Failure	82.895	0	0	0	464.786	0	171.750	0	72.180	9	11.800	0	7.740	0	17.600	0
2020.02.04  11:08:00	Failure	81.398	0	0	0	460.698	0	160.385	0	71.560	9	11.600	0	7.750	0	17.600	0
2020.02.04  11:09:00	Failure	81.801	0	0	0	450.195	0	158.820	0	72.250	9	11.800	0	7.750	0	17.600	0
2020.02.04  11:10:00	Failure	82.474	0	0	0	458.256	0	144.237	0	72.440	9	11.800	0	7.750	0	17.600	0
2020.02.04  11:11:00	Failure	85.257	0	0	0	457.325	0	160.580	0	71.510	9	11.600	0	7.750	0	17.600	0
2020.02.04  11:12:00	Failure	82.116	0	0	0	463.940	0	165.161	0	71.980	9	11.600	0	7.760	0	17.600	0
2020.02.04  11:13:00	Failure	82.047	0	0	0	461.155	0	154.694	0	72.400	9	11.700	0	7.760	0	17.600	0
2020.02.04  11:14:00	Failure	84.556	0	0	0	457.440	0	155.233	0	71.980	9	11.600	0	7.750	0	17.600	0
2020.02.04  11:15:00	Failure	82.901	0	0	0	452.803	0	149.588	0	72.740	9	11.800	0	7.740	0	17.600	0
2020.02.04  11:16:00	Failure	83.922	0	0	0	462.562	0	154.571	0	72.950	9	11.900	0	7.730	0	17.600	0
2020.02.04  11:17:00	Failure	81.143	0	0	0	459.994	0	156.395	0	71.670	9	11.600	0	7.750	0	17.600	0
2020.02.04  11:18:00	Failure	81.384	0	0	0	463.263	0	163.777	0	71.810	9	11.600	0	7.750	0	17.600	0
2020.02.04  11:19:00	Failure	84.855	0	0	0	459.123	0	153.241	0	71.740	9	11.600	0	7.750	0	17.600	0
2020.02.04  11:20:00	Failure	85.381	0	0	0	466.418	0	159.750	0	71.200	9	11.500	0	7.750	0	17.600	0
2020.02.04  11:21:00	Failure	83.433	0	0	0	470.063	0	165.515	0	71.720	9	11.600	0	7.750	0	17.600	0
2020.02.04  11:22:00	Failure	86.209	0	0	0	461.748	0	147.168	0	72.050	9	11.700	0	7.750	0	17.700	0
2020.02.04  11:23:00	Failure	87.721	0	0	0	470.166	0	152.445	0	71.740	9	11.600	0	7.760	0	17.700	0
2020.02.04  11:24:00	Failure	88.189	0	0	0	479.506	0	162.128	0	72.330	9	11.700	0	7.760	0	17.700	0
2020.02.04  11:25:00	Failure	88.157	0	0	0	463.355	0	150.824	0	72.570	9	11.700	0	7.760	0	17.700	0
2020.02.04  11:26:00	Failure	86.179	0	0	0	468.992	0	144.382	0	71.840	9	11.600	0	7.770	0	17.700	0
2020.02.04  11:27:00	Failure	85.616	0	0	0	467.265	0	157.248	0	72.450	9	11.700	0	7.770	0	17.700	0
2020.02.04  11:28:00	Failure	85.409	0	0	0	456.998	0	142.841	0	72.740	9	11.800	0	7.780	0	17.700	0
2020.02.04  11:29:00	Failure	82.335	0	0	0	452.748	0	153.618	0	72.100	9	11.600	0	7.780	0	17.700	0
2020.02.04  11:30:00	Failure	86.494	0	0	0	461.406	0	155.411	0	72.620	9	11.600	0	7.790	0	17.700	0
2020.02.04  11:31:00	Failure	85.394	0	0	0	451.631	0	152.155	0	72.870	9	11.700	0	7.790	0	17.700	0
2020.02.04  11:32:00	Failure	82.891	0	0	0	462.060	0	154.341	0	72.360	9	11.600	0	7.790	0	17.700	0
2020.02.04  11:33:00	Failure	86.971	0	0	0	460.560	0	149.151	0	73.290	9	11.700	0	7.790	0	17.700	0
2020.02.04  11:34:00	Failure	81.162	0	0	0	458.139	0	154.228	0	73.810	9	11.800	0	7.790	0	17.700	0
2020.02.04  11:35:00	Failure	80.140	0	0	0	454.100	0	150.480	0	72.690	9	11.600	0	7.790	0	17.700	0
2020.02.04  11:36:00	Failure	83.505	0	0	0	455.340	0	158.051	0	73.540	9	11.700	0	7.790	0	17.700	0
2020.02.04  11:37:00	Failure	83.413	0	0	0	455.090	0	154.584	0	73.740	9	11.800	0	7.790	0	17.700	0
2020.02.04  11:38:00	Failure	83.484	0	0	0	464.970	0	167.869	0	73.310	9	11.700	0	7.780	0	17.700	0
2020.02.04  11:39:00	Failure	85.435	0	0	0	462.518	0	149.001	0	73.830	9	11.700	0	7.790	0	17.700	0
2020.02.04  11:40:00	Failure	81.441	0	0	0	453.669	0	160.194	0	74.280	9	11.800	0	7.780	0	17.700	0
2020.02.04  11:41:00	Failure	82.075	0	0	0	457.364	0	164.160	0	73.160	9	11.600	0	7.790	0	17.700	0
2020.02.04  11:42:00	Failure	83.287	0	0	0	460.727	0	159.809	0	73.660	9	11.700	0	7.790	0	17.700	0
2020.02.04  11:43:00	Failure	85.580	0	0	0	456.798	0	144.142	0	73.920	9	11.800	0	7.790	0	17.700	0
2020.02.04  11:44:00	Failure	83.297	0	0	0	458.156	0	160.772	0	73.560	9	11.600	0	7.790	0	17.700	0
2020.02.04  11:45:00	Failure	81.467	0	0	0	456.083	0	153.223	0	74.100	9	11.800	0	7.790	0	17.700	0
2020.02.04  11:46:00	Failure	163.461	0	0	0	513.584	0	156.825	0	74.440	9	11.800	0	7.790	0	17.800	0
