80207090_20_0x0100_spectro::lyser_INFLUENTV120	This file contains data of the current measurement.         
Date/Time	Status	TSSeq [mg/l]3000.00-0.00_1	[TSSeq_0.0000_0.3995_0.0000_0.0000]	NO3-Neq [mg/l]40.00-0.00_1	[NO3-Neq_0.0000_0.0000_0.0000_0.0000]	CODeq [mg/l]3750.00-0.00_1	[CODeq_2.4443_0.9996_0.0000_0.0000]	CODfeq [mg/l]1250.00-0.00_1	[CODfeq_-4.8229_1.3661_0.0000_0.0000]	NH4-N [ppm]19.80-0.10_2	[NH4-N_0.0_1.0_0.0_0.0]	K [ppm]55.00-0.10_1	[K_0.0_1.0_0.0_0.0]	pH [pH]12.00-2.00_2	[pH_0.0_1.0_0.0_0.0]	Temp. [°C]100.00--10.00_1	[Temp._0.0_1.0_0.0_0.0]
2020.02.06  23:43:00	Failure	83.875	0	0	0	460.651	0	142.489	0	71.260	9	14.500	0	7.640	0	18.200	0
2020.02.06  23:44:00	Failure	83.981	0	0	0	453.300	0	142.208	0	71.220	9	14.500	0	7.650	0	18.200	0
2020.02.06  23:45:00	Failure	82.432	0	0	0	462.819	0	161.139	0	71.180	9	14.500	0	7.640	0	18.200	0
2020.02.06  23:46:00	Failure	82.596	0	0	0	454.301	0	147.367	0	71.300	9	14.600	0	7.630	0	18.200	0
2020.02.06  23:47:00	Failure	81.197	0	0	0	454.773	0	141.656	0	71.030	9	14.400	0	7.650	0	18.200	0
2020.02.06  23:48:00	Failure	82.218	0	0	0	444.009	0	146.454	0	71.160	9	14.500	0	7.640	0	18.200	0
2020.02.06  23:49:00	Failure	84.511	0	0	0	458.071	0	163.880	0	71.070	9	14.500	0	7.640	0	18.200	0
2020.02.06  23:50:00	Failure	83.546	0	0	0	460.613	0	151.822	0	70.950	9	14.400	0	7.650	0	18.200	0
2020.02.06  23:51:00	Failure	79.867	0	0	0	458.202	0	150.694	0	70.970	9	14.400	0	7.640	0	18.200	0
2020.02.06  23:52:00	Failure	83.413	0	0	0	465.121	0	146.095	0	71.080	9	14.500	0	7.630	0	18.200	0
2020.02.06  23:53:00	Failure	79.503	0	0	0	449.011	0	158.427	0	70.860	9	14.300	0	7.660	0	18.200	0
2020.02.06  23:54:00	Failure	80.650	0	0	0	456.627	0	156.626	0	70.940	9	14.400	0	7.650	0	18.200	0
2020.02.06  23:55:00	Failure	84.681	0	0	0	457.579	0	151.140	0	71.050	9	14.500	0	7.640	0	18.200	0
2020.02.06  23:56:00	Failure	82.523	0	0	0	451.073	0	140.516	0	70.790	9	14.400	0	7.660	0	18.200	0
2020.02.06  23:57:00	Failure	81.166	0	0	0	456.265	0	152.255	0	70.950	9	14.500	0	7.650	0	18.200	0
2020.02.06  23:58:00	Failure	85.914	0	0	0	461.462	0	152.604	0	71.010	9	14.500	0	7.650	0	18.200	0
2020.02.06  23:59:00	Failure	80.626	0	0	0	454.425	0	161.324	0	70.950	9	14.400	0	7.650	0	18.200	0
2020.02.07  00:00:00	Failure	82.486	0	0	0	459.406	0	144.847	0	71.020	9	14.400	0	7.650	0	18.200	0
2020.02.07  00:01:00	Failure	83.622	0	0	0	459.213	0	154.555	0	71.060	9	14.500	0	7.640	0	18.200	0
2020.02.07  00:02:00	Failure	82.375	0	0	0	456.668	0	150.049	0	70.760	9	14.300	0	7.660	0	18.200	0
2020.02.07  00:03:00	Failure	82.447	0	0	0	455.443	0	153.674	0	70.850	9	14.400	0	7.650	0	18.200	0
2020.02.07  00:04:00	Failure	81.292	0	0	0	459.873	0	147.654	0	70.860	9	14.400	0	7.650	0	18.200	0
2020.02.07  00:05:00	Failure	82.456	0	0	0	446.499	0	158.248	0	70.560	9	14.200	0	7.670	0	18.200	0
2020.02.07  00:06:00	Failure	84.430	0	0	0	463.958	0	160.100	0	70.470	9	14.300	0	7.650	0	18.200	0
2020.02.07  00:07:00	Failure	83.283	0	0	0	458.561	0	162.352	0	70.500	9	14.400	0	7.650	0	18.200	0
2020.02.07  00:08:00	Failure	78.552	0	0	0	455.786	0	138.869	0	69.940	9	14.200	0	7.680	0	18.200	0
2020.02.07  00:09:00	Failure	78.309	0	0	0	448.197	0	153.147	0	70.180	9	14.300	0	7.660	0	18.200	0
2020.02.07  00:10:00	Failure	83.495	0	0	0	461.715	0	155.837	0	69.990	9	14.300	0	7.650	0	18.200	0
2020.02.07  00:11:00	Failure	78.103	0	0	0	439.728	0	152.284	0	69.960	9	14.200	0	7.670	0	18.200	0
2020.02.07  00:12:00	Failure	84.725	0	0	0	458.790	0	149.568	0	70.380	9	14.300	0	7.660	0	18.200	0
2020.02.07  00:13:00	Failure	82.680	0	0	0	464.557	0	145.328	0	70.660	9	14.400	0	7.650	0	18.200	0
2020.02.07  00:14:00	Failure	79.746	0	0	0	449.995	0	156.764	0	70.600	9	14.300	0	7.650	0	18.200	0
2020.02.07  00:15:00	Failure	82.982	0	0	0	456.206	0	153.924	0	70.550	9	14.400	0	7.630	0	18.300	0
2020.02.07  00:16:00	Failure	81.960	0	0	0	460.016	0	149.248	0	70.700	9	14.500	0	7.620	0	18.300	0
2020.02.07  00:17:00	Failure	82.919	0	0	0	454.214	0	155.802	0	70.650	9	14.400	0	7.650	0	18.300	0
2020.02.07  00:18:00	Failure	82.161	0	0	0	455.838	0	158.934	0	70.510	9	14.400	0	7.640	0	18.300	0
2020.02.07  00:19:00	Failure	82.291	0	0	0	445.713	0	149.690	0	70.500	9	14.300	0	7.640	0	18.300	0
2020.02.07  00:20:00	Failure	81.012	0	0	0	461.431	0	145.034	0	70.160	9	14.200	0	7.660	0	18.300	0
2020.02.07  00:21:00	Failure	82.203	0	0	0	457.427	0	155.995	0	70.080	9	14.200	0	7.650	0	18.300	0
2020.02.07  00:22:00	Failure	87.775	0	0	0	457.579	0	143.842	0	69.890	9	14.200	0	7.650	0	18.300	0
2020.02.07  00:23:00	Failure	83.112	0	0	0	462.657	0	152.271	0	69.770	9	14.100	0	7.670	0	18.300	0
2020.02.07  00:24:00	Failure	85.898	0	0	0	460.775	0	147.724	0	70.010	9	14.200	0	7.660	0	18.300	0
2020.02.07  00:25:00	Failure	87.192	0	0	0	466.229	0	144.670	0	70.100	9	14.300	0	7.650	0	18.300	0
2020.02.07  00:26:00	Failure	83.997	0	0	0	460.773	0	168.184	0	70.180	9	14.200	0	7.670	0	18.300	0
2020.02.07  00:27:00	Failure	89.672	0	0	0	464.477	0	155.766	0	70.510	9	14.300	0	7.660	0	18.300	0
2020.02.07  00:28:00	Failure	82.537	0	0	0	446.084	0	150.592	0	70.560	9	14.200	0	7.660	0	18.300	0
2020.02.07  00:29:00	Failure	80.862	0	0	0	448.187	0	141.066	0	70.300	9	14.200	0	7.670	0	18.300	0
2020.02.07  00:30:00	Failure	78.974	0	0	0	440.565	0	145.691	0	70.330	9	14.200	0	7.660	0	18.300	0
2020.02.07  00:31:00	Failure	81.419	0	0	0	445.477	0	153.689	0	70.380	9	14.300	0	7.660	0	18.300	0
2020.02.07  00:32:00	Failure	80.089	0	0	0	447.492	0	148.026	0	69.560	9	14.100	0	7.690	0	18.300	0
2020.02.07  00:33:00	Failure	81.787	0	0	0	445.869	0	148.796	0	70.170	9	14.200	0	7.680	0	18.300	0
2020.02.07  00:34:00	Failure	82.915	0	0	0	446.416	0	142.002	0	69.900	9	14.200	0	7.680	0	18.300	0
2020.02.07  00:35:00	Failure	79.252	0	0	0	443.887	0	151.719	0	69.540	9	14.100	0	7.690	0	18.400	0
2020.02.07  00:36:00	Failure	78.583	0	0	0	447.255	0	141.275	0	70.410	9	14.200	0	7.670	0	18.300	0
2020.02.07  00:37:00	Failure	79.431	0	0	0	443.378	0	156.866	0	70.490	9	14.200	0	7.670	0	18.300	0
2020.02.07  00:38:00	Failure	75.384	0	0	0	440.610	0	155.120	0	69.780	9	14.000	0	7.690	0	18.400	0
2020.02.07  00:39:00	Failure	81.785	0	0	0	445.469	0	146.886	0	70.440	9	14.200	0	7.670	0	18.300	0
2020.02.07  00:40:00	Failure	81.202	0	0	0	447.612	0	153.311	0	70.440	9	14.200	0	7.660	0	18.300	0
2020.02.07  00:41:00	Failure	77.767	0	0	0	434.346	0	143.396	0	69.660	9	14.100	0	7.690	0	18.400	0
2020.02.07  00:42:00	Failure	77.407	0	0	0	436.759	0	135.914	0	70.460	9	14.200	0	7.670	0	18.300	0
2020.02.07  00:43:00	Failure	79.813	0	0	0	448.911	0	161.721	0	70.570	9	14.200	0	7.660	0	18.300	0
2020.02.07  00:44:00	Failure	80.409	0	0	0	432.426	0	133.387	0	69.920	9	14.100	0	7.690	0	18.400	0
2020.02.07  00:45:00	Failure	78.579	0	0	0	443.430	0	152.563	0	70.650	9	14.200	0	7.670	0	18.300	0
2020.02.07  00:46:00	Failure	81.665	0	0	0	435.975	0	136.605	0	70.610	9	14.200	0	7.670	0	18.300	0
2020.02.07  00:47:00	Failure	80.454	0	0	0	439.837	0	149.522	0	70.090	9	14.100	0	7.680	0	18.300	0
2020.02.07  00:48:00	Failure	76.725	0	0	0	450.315	0	156.291	0	70.480	9	14.200	0	7.670	0	18.300	0
2020.02.07  00:49:00	Failure	79.201	0	0	0	445.848	0	151.679	0	70.540	9	14.200	0	7.660	0	18.300	0
2020.02.07  00:50:00	Failure	78.706	0	0	0	439.924	0	150.487	0	69.820	9	14.000	0	7.690	0	18.400	0
2020.02.07  00:51:00	Failure	75.886	0	0	0	438.794	0	152.057	0	70.580	9	14.100	0	7.670	0	18.400	0
2020.02.07  00:52:00	Failure	77.030	0	0	0	439.755	0	162.789	0	70.650	9	14.200	0	7.670	0	18.400	0
2020.02.07  00:53:00	Failure	78.874	0	0	0	431.310	0	139.989	0	69.960	9	14.000	0	7.690	0	18.400	0
2020.02.07  00:54:00	Failure	74.890	0	0	0	433.652	0	158.845	0	70.700	9	14.100	0	7.680	0	18.400	0
2020.02.07  00:55:00	Failure	79.091	0	0	0	439.986	0	157.332	0	70.930	9	14.100	0	7.670	0	18.400	0
2020.02.07  00:56:00	Failure	76.688	0	0	0	437.998	0	151.290	0	70.150	9	14.000	0	7.690	0	18.400	0
2020.02.07  00:57:00	Failure	81.585	0	0	0	457.177	0	152.349	0	70.670	9	14.100	0	7.670	0	18.400	0
2020.02.07  00:58:00	Failure	78.286	0	0	0	442.592	0	162.391	0	70.710	9	14.100	0	7.670	0	18.400	0
2020.02.07  00:59:00	Failure	79.138	0	0	0	438.631	0	145.814	0	69.960	9	13.900	0	7.690	0	18.500	0
2020.02.07  01:00:00	Failure	78.015	0	0	0	444.538	0	149.438	0	70.310	9	14.100	0	7.680	0	18.400	0
2020.02.07  01:01:00	Failure	78.421	0	0	0	435.624	0	153.491	0	70.770	9	14.100	0	7.680	0	18.400	0
2020.02.07  01:02:00	Failure	76.932	0	0	0	435.102	0	147.515	0	69.940	9	14.000	0	7.700	0	18.500	0
2020.02.07  01:03:00	Failure	77.231	0	0	0	431.232	0	150.667	0	70.280	9	14.100	0	7.680	0	18.400	0
2020.02.07  01:04:00	Failure	75.738	0	0	0	449.746	0	150.129	0	70.590	9	14.100	0	7.680	0	18.400	0
2020.02.07  01:05:00	Failure	79.521	0	0	0	438.846	0	152.173	0	69.900	9	13.900	0	7.700	0	18.500	0
2020.02.07  01:06:00	Failure	80.323	0	0	0	430.479	0	139.345	0	70.420	9	14.000	0	7.680	0	18.400	0
2020.02.07  01:07:00	Failure	80.332	0	0	0	440.831	0	135.684	0	70.640	9	14.100	0	7.670	0	18.400	0
2020.02.07  01:08:00	Failure	75.248	0	0	0	430.925	0	142.319	0	69.870	9	13.900	0	7.700	0	18.500	0
2020.02.07  01:09:00	Failure	76.357	0	0	0	434.805	0	143.698	0	70.580	9	14.000	0	7.680	0	18.400	0
2020.02.07  01:10:00	Failure	77.389	0	0	0	434.406	0	158.620	0	70.240	9	14.000	0	7.690	0	18.400	0
2020.02.07  01:11:00	Failure	76.101	0	0	0	427.788	0	146.050	0	70.180	9	13.900	0	7.700	0	18.500	0
2020.02.07  01:12:00	Failure	74.617	0	0	0	432.035	0	158.238	0	69.990	9	13.900	0	7.690	0	18.500	0
2020.02.07  01:13:00	Failure	81.500	0	0	0	443.388	0	149.140	0	70.460	9	14.100	0	7.680	0	18.400	0
2020.02.07  01:14:00	Failure	73.642	0	0	0	427.280	0	155.042	0	70.200	9	13.900	0	7.690	0	18.400	0
2020.02.07  01:15:00	Failure	112.198	0	0	0	468.989	0	146.854	0	71.200	9	14.100	0	7.660	0	18.400	0
2020.02.07  01:16:00	Failure	74.957	0	0	0	430.527	0	138.445	0	71.260	9	14.100	0	7.650	0	18.400	0
2020.02.07  01:17:00	Failure	76.965	0	0	0	433.725	0	134.264	0	70.380	9	14.000	0	7.690	0	18.400	0
2020.02.07  01:18:00	Failure	77.205	0	0	0	433.480	0	152.052	0	70.080	9	13.900	0	7.680	0	18.500	0
2020.02.07  01:19:00	Failure	75.305	0	0	0	429.199	0	159.184	0	70.240	9	14.000	0	7.670	0	18.400	0
2020.02.07  01:20:00	Failure	76.246	0	0	0	437.330	0	157.042	0	69.720	9	13.900	0	7.690	0	18.500	0
2020.02.07  01:21:00	Failure	79.900	0	0	0	441.162	0	143.267	0	70.080	9	13.900	0	7.680	0	18.500	0
2020.02.07  01:22:00	Failure	78.304	0	0	0	432.877	0	146.462	0	70.060	9	13.900	0	7.680	0	18.500	0
2020.02.07  01:23:00	Failure	81.252	0	0	0	444.152	0	157.302	0	69.570	9	13.800	0	7.710	0	18.500	0
2020.02.07  01:24:00	Failure	79.858	0	0	0	432.319	0	144.911	0	69.570	9	13.900	0	7.700	0	18.500	0
2020.02.07  01:25:00	Failure	83.575	0	0	0	451.008	0	145.265	0	69.620	9	13.900	0	7.700	0	18.500	0
2020.02.07  01:26:00	Failure	80.589	0	0	0	437.830	0	151.255	0	69.750	9	13.800	0	7.710	0	18.500	0
2020.02.07  01:27:00	Failure	78.668	0	0	0	432.351	0	143.881	0	70.040	9	13.900	0	7.700	0	18.500	0
2020.02.07  01:28:00	Failure	83.086	0	0	0	447.964	0	162.276	0	69.990	9	13.900	0	7.700	0	18.500	0
2020.02.07  01:29:00	Failure	78.090	0	0	0	437.568	0	130.487	0	69.940	9	13.800	0	7.700	0	18.500	0
2020.02.07  01:30:00	Failure	75.669	0	0	0	430.856	0	150.381	0	70.030	9	13.900	0	7.700	0	18.500	0
2020.02.07  01:31:00	Failure	77.500	0	0	0	439.919	0	154.522	0	69.990	9	13.800	0	7.700	0	18.500	0
2020.02.07  01:32:00	Failure	74.426	0	0	0	429.673	0	160.017	0	69.970	9	13.700	0	7.710	0	18.500	0
2020.02.07  01:33:00	Failure	78.073	0	0	0	424.607	0	142.626	0	69.960	9	13.800	0	7.710	0	18.500	0
2020.02.07  01:34:00	Failure	78.551	0	0	0	432.131	0	142.056	0	69.980	9	13.900	0	7.710	0	18.500	0
2020.02.07  01:35:00	Failure	77.809	0	0	0	436.902	0	147.134	0	69.860	9	13.800	0	7.720	0	18.500	0
2020.02.07  01:36:00	Failure	78.787	0	0	0	436.722	0	147.880	0	69.960	9	13.900	0	7.700	0	18.600	0
2020.02.07  01:37:00	Failure	77.982	0	0	0	436.632	0	135.936	0	69.960	9	13.900	0	7.700	0	18.600	0
2020.02.07  01:38:00	Failure	75.104	0	0	0	425.505	0	145.908	0	69.970	9	13.700	0	7.720	0	18.600	0
2020.02.07  01:39:00	Failure	76.602	0	0	0	431.340	0	142.320	0	70.100	9	13.800	0	7.710	0	18.600	0
2020.02.07  01:40:00	Failure	75.895	0	0	0	433.193	0	139.058	0	70.040	9	13.800	0	7.700	0	18.600	0
2020.02.07  01:41:00	Failure	74.787	0	0	0	425.077	0	146.898	0	70.250	9	13.800	0	7.710	0	18.600	0
2020.02.07  01:42:00	Failure	78.533	0	0	0	435.779	0	157.552	0	70.520	9	13.800	0	7.700	0	18.600	0
2020.02.07  01:43:00	Failure	79.202	0	0	0	433.140	0	134.845	0	70.580	9	13.900	0	7.690	0	18.600	0
2020.02.07  01:44:00	Failure	74.793	0	0	0	426.272	0	144.564	0	70.240	9	13.700	0	7.720	0	18.600	0
2020.02.07  01:45:00	Failure	76.506	0	0	0	426.550	0	143.640	0	70.310	9	13.800	0	7.700	0	18.600	0
2020.02.07  01:46:00	Failure	75.880	0	0	0	430.447	0	137.559	0	70.530	9	13.900	0	7.690	0	18.600	0
2020.02.07  01:47:00	Failure	74.035	0	0	0	422.407	0	127.067	0	70.430	9	13.700	0	7.710	0	18.600	0
2020.02.07  01:48:00	Failure	75.350	0	0	0	418.488	0	139.923	0	70.280	9	13.800	0	7.700	0	18.600	0
2020.02.07  01:49:00	Failure	75.019	0	0	0	429.090	0	142.720	0	70.190	9	13.800	0	7.700	0	18.600	0
2020.02.07  01:50:00	Failure	72.472	0	0	0	420.539	0	153.228	0	70.420	9	13.700	0	7.710	0	18.600	0
2020.02.07  01:51:00	Failure	73.234	0	0	0	421.958	0	154.876	0	70.490	9	13.800	0	7.700	0	18.600	0
2020.02.07  01:52:00	Failure	75.232	0	0	0	427.418	0	155.615	0	70.790	9	13.900	0	7.690	0	18.600	0
2020.02.07  01:53:00	Failure	74.545	0	0	0	418.534	0	138.398	0	70.640	9	13.800	0	7.710	0	18.600	0
2020.02.07  01:54:00	Failure	75.289	0	0	0	430.432	0	149.336	0	70.560	9	13.800	0	7.700	0	18.600	0
2020.02.07  01:55:00	Failure	74.835	0	0	0	421.512	0	152.215	0	70.490	9	13.800	0	7.690	0	18.600	0
2020.02.07  01:56:00	Failure	78.470	0	0	0	428.387	0	143.098	0	70.490	9	13.700	0	7.710	0	18.600	0
2020.02.07  01:57:00	Failure	74.791	0	0	0	424.202	0	150.071	0	70.460	9	13.800	0	7.700	0	18.600	0
2020.02.07  01:58:00	Failure	78.961	0	0	0	432.341	0	148.328	0	70.420	9	13.800	0	7.690	0	18.600	0
2020.02.07  01:59:00	Failure	76.013	0	0	0	427.417	0	150.459	0	70.530	9	13.700	0	7.710	0	18.600	0
2020.02.07  02:00:00	Failure	79.006	0	0	0	432.154	0	132.449	0	70.650	9	13.800	0	7.690	0	18.600	0
2020.02.07  02:01:00	Failure	75.220	0	0	0	432.569	0	141.388	0	70.780	9	13.900	0	7.690	0	18.600	0
2020.02.07  02:02:00	Failure	75.667	0	0	0	424.200	0	135.725	0	70.490	9	13.700	0	7.700	0	18.600	0
2020.02.07  02:03:00	Failure	74.786	0	0	0	417.030	0	143.405	0	70.600	9	13.800	0	7.690	0	18.600	0
2020.02.07  02:04:00	Failure	75.747	0	0	0	429.140	0	151.258	0	70.630	9	13.800	0	7.690	0	18.600	0
2020.02.07  02:05:00	Failure	72.719	0	0	0	413.432	0	135.177	0	70.410	9	13.700	0	7.710	0	18.600	0
2020.02.07  02:06:00	Failure	76.446	0	0	0	416.392	0	126.291	0	70.600	9	13.800	0	7.690	0	18.600	0
2020.02.07  02:07:00	Failure	74.260	0	0	0	417.025	0	145.742	0	70.680	9	13.800	0	7.690	0	18.600	0
2020.02.07  02:08:00	Failure	75.300	0	0	0	426.031	0	153.767	0	70.410	9	13.700	0	7.700	0	18.600	0
2020.02.07  02:09:00	Failure	71.718	0	0	0	416.073	0	143.883	0	70.380	9	13.700	0	7.700	0	18.600	0
2020.02.07  02:10:00	Failure	74.141	0	0	0	415.135	0	141.539	0	70.590	9	13.800	0	7.690	0	18.600	0
2020.02.07  02:11:00	Failure	70.121	0	0	0	424.186	0	152.514	0	70.300	9	13.600	0	7.710	0	18.600	0
2020.02.07  02:12:00	Failure	75.119	0	0	0	423.482	0	146.762	0	70.170	9	13.700	0	7.690	0	18.600	0
2020.02.07  02:13:00	Failure	72.164	0	0	0	404.974	0	131.953	0	70.390	9	13.700	0	7.690	0	18.600	0
2020.02.07  02:14:00	Failure	72.943	0	0	0	426.641	0	135.284	0	70.220	9	13.600	0	7.700	0	18.600	0
2020.02.07  02:15:00	Failure	74.643	0	0	0	428.685	0	147.287	0	71.320	9	13.800	0	7.670	0	18.600	0
2020.02.07  02:16:00	Failure	72.633	0	0	0	417.741	0	135.210	0	71.420	9	13.900	0	7.660	0	18.600	0
2020.02.07  02:17:00	Failure	77.262	0	0	0	421.248	0	140.010	0	70.510	9	13.700	0	7.680	0	18.600	0
2020.02.07  02:18:00	Failure	77.722	0	0	0	416.417	0	138.194	0	70.740	9	13.800	0	7.670	0	18.600	0
2020.02.07  02:19:00	Failure	76.173	0	0	0	420.474	0	141.008	0	70.540	9	13.800	0	7.670	0	18.600	0
2020.02.07  02:20:00	Failure	72.647	0	0	0	420.780	0	148.533	0	69.730	9	13.600	0	7.690	0	18.600	0
2020.02.07  02:21:00	Failure	71.535	0	0	0	413.009	0	146.580	0	70.230	9	13.700	0	7.670	0	18.600	0
2020.02.07  02:22:00	Failure	76.654	0	0	0	427.396	0	146.367	0	70.250	9	13.700	0	7.670	0	18.600	0
2020.02.07  02:23:00	Failure	74.914	0	0	0	427.799	0	136.739	0	69.400	9	13.500	0	7.700	0	18.600	0
2020.02.07  02:24:00	Failure	78.048	0	0	0	423.747	0	164.835	0	69.780	9	13.600	0	7.680	0	18.600	0
2020.02.07  02:25:00	Failure	74.644	0	0	0	417.566	0	135.260	0	70.220	9	13.700	0	7.680	0	18.600	0
2020.02.07  02:26:00	Failure	74.981	0	0	0	428.607	0	147.184	0	69.750	9	13.600	0	7.690	0	18.700	0
2020.02.07  02:27:00	Failure	73.805	0	0	0	405.418	0	134.503	0	70.510	9	13.700	0	7.670	0	18.600	0
2020.02.07  02:28:00	Failure	76.548	0	0	0	429.187	0	147.565	0	70.640	9	13.700	0	7.670	0	18.600	0
2020.02.07  02:29:00	Failure	74.066	0	0	0	418.769	0	124.007	0	70.010	9	13.600	0	7.680	0	18.600	0
2020.02.07  02:30:00	Failure	72.118	0	0	0	415.659	0	142.393	0	70.690	9	13.700	0	7.670	0	18.600	0
2020.02.07  02:31:00	Failure	75.930	0	0	0	419.225	0	151.705	0	70.530	9	13.700	0	7.670	0	18.600	0
2020.02.07  02:32:00	Failure	73.576	0	0	0	422.648	0	144.869	0	69.610	9	13.500	0	7.690	0	18.700	0
2020.02.07  02:33:00	Failure	78.102	0	0	0	423.671	0	154.647	0	70.280	9	13.700	0	7.670	0	18.600	0
2020.02.07  02:34:00	Failure	73.655	0	0	0	417.095	0	142.966	0	70.370	9	13.700	0	7.670	0	18.600	0
2020.02.07  02:35:00	Failure	75.812	0	0	0	418.528	0	138.529	0	69.610	9	13.500	0	7.700	0	18.700	0
2020.02.07  02:36:00	Failure	72.563	0	0	0	421.851	0	146.567	0	70.360	9	13.600	0	7.670	0	18.600	0
2020.02.07  02:37:00	Failure	78.539	0	0	0	428.993	0	150.627	0	70.450	9	13.700	0	7.670	0	18.600	0
2020.02.07  02:38:00	Failure	70.797	0	0	0	411.375	0	132.255	0	69.760	9	13.500	0	7.690	0	18.600	0
2020.02.07  02:39:00	Failure	73.610	0	0	0	417.643	0	142.492	0	70.580	9	13.600	0	7.670	0	18.600	0
2020.02.07  02:40:00	Failure	74.265	0	0	0	417.927	0	152.193	0	70.740	9	13.700	0	7.660	0	18.600	0
2020.02.07  02:41:00	Failure	72.408	0	0	0	421.979	0	139.301	0	70.070	9	13.500	0	7.680	0	18.600	0
2020.02.07  02:42:00	Failure	72.238	0	0	0	414.089	0	139.733	0	70.320	9	13.600	0	7.660	0	18.600	0
2020.02.07  02:43:00	Failure	74.064	0	0	0	416.812	0	143.675	0	70.420	9	13.700	0	7.660	0	18.600	0
2020.02.07  02:44:00	Failure	73.361	0	0	0	424.412	0	153.960	0	70.190	9	13.500	0	7.670	0	18.600	0
2020.02.07  02:45:00	Failure	72.421	0	0	0	417.895	0	139.852	0	70.630	9	13.600	0	7.660	0	18.600	0
2020.02.07  02:46:00	Failure	73.245	0	0	0	421.348	0	149.576	0	70.690	9	13.700	0	7.650	0	18.600	0
2020.02.07  02:47:00	Failure	71.995	0	0	0	411.731	0	146.893	0	70.410	9	13.500	0	7.670	0	18.600	0
2020.02.07  02:48:00	Failure	69.569	0	0	0	408.132	0	142.375	0	70.650	9	13.600	0	7.660	0	18.600	0
2020.02.07  02:49:00	Failure	74.665	0	0	0	422.118	0	133.247	0	70.610	9	13.700	0	7.650	0	18.600	0
2020.02.07  02:50:00	Failure	72.755	0	0	0	418.584	0	160.377	0	70.270	9	13.600	0	7.670	0	18.600	0
2020.02.07  02:51:00	Failure	74.701	0	0	0	425.220	0	143.052	0	70.410	9	13.600	0	7.660	0	18.600	0
2020.02.07  02:52:00	Failure	69.489	0	0	0	412.273	0	149.336	0	70.410	9	13.700	0	7.660	0	18.600	0
2020.02.07  02:53:00	Failure	73.442	0	0	0	409.848	0	130.015	0	70.290	9	13.600	0	7.660	0	18.600	0
2020.02.07  02:54:00	Failure	74.302	0	0	0	428.609	0	146.834	0	70.660	9	13.700	0	7.650	0	18.600	0
2020.02.07  02:55:00	Failure	74.116	0	0	0	406.319	0	133.549	0	70.600	9	13.700	0	7.650	0	18.700	0
2020.02.07  02:56:00	Failure	75.115	0	0	0	426.850	0	146.114	0	70.610	9	13.600	0	7.660	0	18.600	0
2020.02.07  02:57:00	Failure	75.435	0	0	0	420.849	0	145.305	0	70.560	9	13.600	0	7.640	0	18.700	0
2020.02.07  02:58:00	Failure	73.979	0	0	0	415.313	0	145.094	0	70.600	9	13.700	0	7.640	0	18.600	0
2020.02.07  02:59:00	Failure	75.157	0	0	0	425.000	0	147.255	0	70.510	9	13.600	0	7.660	0	18.700	0
2020.02.07  03:00:00	Failure	72.415	0	0	0	410.514	0	143.548	0	70.470	9	13.700	0	7.640	0	18.700	0
2020.02.07  03:01:00	Failure	74.691	0	0	0	417.581	0	141.321	0	70.270	9	13.700	0	7.630	0	18.700	0
2020.02.07  03:02:00	Failure	72.630	0	0	0	419.464	0	147.307	0	70.540	9	13.500	0	7.660	0	18.700	0
2020.02.07  03:03:00	Failure	69.912	0	0	0	412.254	0	137.026	0	70.700	9	13.700	0	7.640	0	18.700	0
2020.02.07  03:04:00	Failure	73.555	0	0	0	417.418	0	146.780	0	70.850	9	13.700	0	7.630	0	18.700	0
2020.02.07  03:05:00	Failure	76.076	0	0	0	417.030	0	129.393	0	70.510	9	13.600	0	7.650	0	18.600	0
2020.02.07  03:06:00	Failure	72.071	0	0	0	421.092	0	141.054	0	70.320	9	13.600	0	7.640	0	18.700	0
2020.02.07  03:07:00	Failure	71.355	0	0	0	419.295	0	138.781	0	70.590	9	13.700	0	7.630	0	18.700	0
2020.02.07  03:08:00	Failure	71.586	0	0	0	410.561	0	145.017	0	70.410	9	13.500	0	7.650	0	18.600	0
2020.02.07  03:09:00	Failure	77.051	0	0	0	421.202	0	141.070	0	70.590	9	13.700	0	7.640	0	18.700	0
2020.02.07  03:10:00	Failure	74.585	0	0	0	423.721	0	140.368	0	70.610	9	13.700	0	7.630	0	18.600	0
2020.02.07  03:11:00	Failure	74.548	0	0	0	420.415	0	147.205	0	70.540	9	13.600	0	7.640	0	18.700	0
2020.02.07  03:12:00	Failure	75.118	0	0	0	424.364	0	143.632	0	70.700	9	13.700	0	7.630	0	18.600	0
2020.02.07  03:13:00	Failure	74.880	0	0	0	415.053	0	129.969	0	70.860	9	13.700	0	7.620	0	18.600	0
2020.02.07  03:14:00	Failure	75.289	0	0	0	417.104	0	137.679	0	70.470	9	13.500	0	7.620	0	18.700	0
2020.02.07  03:15:00	Failure	71.236	0	0	0	427.100	0	140.256	0	70.810	9	13.700	0	7.600	0	18.700	0
2020.02.07  03:16:00	Failure	72.877	0	0	0	423.729	0	156.363	0	71.000	9	13.800	0	7.590	0	18.700	0
2020.02.07  03:17:00	Failure	70.228	0	0	0	409.333	0	155.016	0	70.570	9	13.700	0	7.620	0	18.700	0
2020.02.07  03:18:00	Failure	72.485	0	0	0	427.132	0	163.128	0	70.210	9	13.700	0	7.610	0	18.700	0
2020.02.07  03:19:00	Failure	74.619	0	0	0	415.034	0	138.971	0	69.990	9	13.600	0	7.610	0	18.700	0
2020.02.07  03:20:00	Failure	74.269	0	0	0	429.620	0	141.320	0	69.660	9	13.500	0	7.630	0	18.700	0
2020.02.07  03:21:00	Failure	77.902	0	0	0	427.061	0	134.571	0	69.640	9	13.500	0	7.610	0	18.700	0
2020.02.07  03:22:00	Failure	77.508	0	0	0	427.180	0	141.499	0	69.480	9	13.500	0	7.610	0	18.700	0
2020.02.07  03:23:00	Failure	71.943	0	0	0	421.239	0	136.479	0	69.350	9	13.500	0	7.630	0	18.700	0
2020.02.07  03:24:00	Failure	76.601	0	0	0	433.924	0	149.989	0	69.380	9	13.500	0	7.610	0	18.700	0
2020.02.07  03:25:00	Failure	77.037	0	0	0	418.104	0	153.354	0	69.430	9	13.500	0	7.610	0	18.700	0
2020.02.07  03:26:00	Failure	76.408	0	0	0	432.425	0	144.216	0	69.580	9	13.500	0	7.620	0	18.700	0
2020.02.07  03:27:00	Failure	79.348	0	0	0	431.855	0	147.029	0	69.900	9	13.600	0	7.600	0	18.700	0
2020.02.07  03:28:00	Failure	77.810	0	0	0	426.344	0	141.911	0	69.810	9	13.600	0	7.600	0	18.700	0
2020.02.07  03:29:00	Failure	75.893	0	0	0	426.978	0	146.700	0	69.460	9	13.500	0	7.620	0	18.700	0
2020.02.07  03:30:00	Failure	77.473	0	0	0	428.630	0	151.319	0	69.830	9	13.600	0	7.600	0	18.700	0
2020.02.07  03:31:00	Failure	75.320	0	0	0	432.200	0	150.304	0	69.730	9	13.600	0	7.600	0	18.700	0
2020.02.07  03:32:00	Failure	76.102	0	0	0	430.825	0	154.803	0	69.510	9	13.500	0	7.620	0	18.700	0
2020.02.07  03:33:00	Failure	78.254	0	0	0	431.468	0	137.738	0	69.200	9	13.500	0	7.610	0	18.700	0
2020.02.07  03:34:00	Failure	74.286	0	0	0	427.962	0	141.712	0	69.510	9	13.600	0	7.610	0	18.700	0
2020.02.07  03:35:00	Failure	75.663	0	0	0	417.552	0	139.714	0	69.360	9	13.400	0	7.630	0	18.700	0
2020.02.07  03:36:00	Failure	73.876	0	0	0	414.058	0	141.401	0	69.290	9	13.500	0	7.620	0	18.700	0
2020.02.07  03:37:00	Failure	74.490	0	0	0	420.640	0	134.938	0	69.430	9	13.500	0	7.610	0	18.700	0
2020.02.07  03:38:00	Failure	71.944	0	0	0	417.493	0	148.981	0	69.460	9	13.400	0	7.620	0	18.700	0
2020.02.07  03:39:00	Failure	72.167	0	0	0	425.935	0	141.396	0	69.630	9	13.500	0	7.610	0	18.700	0
2020.02.07  03:40:00	Failure	76.103	0	0	0	418.454	0	127.990	0	69.560	9	13.500	0	7.600	0	18.700	0
2020.02.07  03:41:00	Failure	74.799	0	0	0	419.004	0	139.148	0	69.480	9	13.400	0	7.620	0	18.700	0
2020.02.07  03:42:00	Failure	75.390	0	0	0	423.005	0	147.896	0	69.500	9	13.500	0	7.610	0	18.700	0
2020.02.07  03:43:00	Failure	73.802	0	0	0	429.951	0	147.154	0	69.620	9	13.500	0	7.600	0	18.700	0
2020.02.07  03:44:00	Failure	71.609	0	0	0	427.143	0	154.662	0	69.470	9	13.400	0	7.610	0	18.700	0
2020.02.07  03:45:00	Failure	76.700	0	0	0	417.016	0	142.634	0	69.400	9	13.500	0	7.600	0	18.700	0
2020.02.07  03:46:00	Failure	73.876	0	0	0	422.946	0	128.446	0	69.420	9	13.500	0	7.600	0	18.700	0
2020.02.07  03:47:00	Failure	74.914	0	0	0	422.297	0	133.028	0	69.400	9	13.400	0	7.610	0	18.700	0
2020.02.07  03:48:00	Failure	72.480	0	0	0	421.554	0	141.000	0	69.330	9	13.500	0	7.600	0	18.700	0
2020.02.07  03:49:00	Failure	75.428	0	0	0	421.624	0	147.500	0	69.370	9	13.600	0	7.580	0	18.700	0
2020.02.07  03:50:00	Failure	73.847	0	0	0	418.899	0	139.756	0	69.290	9	13.400	0	7.610	0	18.700	0
2020.02.07  03:51:00	Failure	71.625	0	0	0	426.020	0	152.186	0	69.230	9	13.400	0	7.590	0	18.700	0
2020.02.07  03:52:00	Failure	76.553	0	0	0	420.557	0	135.364	0	69.420	9	13.500	0	7.590	0	18.700	0
2020.02.07  03:53:00	Failure	76.268	0	0	0	425.942	0	132.553	0	69.240	9	13.400	0	7.600	0	18.700	0
2020.02.07  03:54:00	Failure	77.319	0	0	0	426.804	0	138.833	0	69.180	9	13.500	0	7.590	0	18.700	0
2020.02.07  03:55:00	Failure	74.690	0	0	0	427.532	0	141.114	0	69.270	9	13.500	0	7.580	0	18.700	0
2020.02.07  03:56:00	Failure	78.414	0	0	0	424.297	0	146.657	0	69.190	9	13.400	0	7.600	0	18.700	0
2020.02.07  03:57:00	Failure	76.503	0	0	0	420.364	0	127.695	0	69.060	9	13.500	0	7.590	0	18.700	0
2020.02.07  03:58:00	Failure	77.730	0	0	0	428.183	0	147.330	0	68.730	9	13.500	0	7.580	0	18.700	0
2020.02.07  03:59:00	Failure	74.493	0	0	0	425.301	0	123.494	0	69.010	9	13.400	0	7.600	0	18.700	0
2020.02.07  04:00:00	Failure	77.942	0	0	0	427.327	0	147.941	0	69.000	9	13.500	0	7.580	0	18.700	0
2020.02.07  04:01:00	Failure	75.941	0	0	0	436.319	0	135.555	0	69.020	9	13.500	0	7.580	0	18.700	0
2020.02.07  04:02:00	Failure	72.218	0	0	0	427.009	0	151.618	0	69.090	9	13.400	0	7.600	0	18.700	0
2020.02.07  04:03:00	Failure	74.187	0	0	0	421.883	0	155.293	0	69.180	9	13.500	0	7.580	0	18.700	0
2020.02.07  04:04:00	Failure	76.486	0	0	0	426.037	0	139.496	0	68.920	9	13.400	0	7.580	0	18.700	0
2020.02.07  04:05:00	Failure	75.583	0	0	0	422.931	0	127.885	0	69.130	9	13.400	0	7.600	0	18.700	0
2020.02.07  04:06:00	Failure	77.355	0	0	0	428.325	0	132.170	0	69.110	9	13.500	0	7.580	0	18.700	0
2020.02.07  04:07:00	Failure	72.479	0	0	0	413.812	0	152.997	0	69.280	9	13.500	0	7.570	0	18.700	0
2020.02.07  04:08:00	Failure	74.789	0	0	0	417.089	0	131.858	0	69.010	9	13.400	0	7.590	0	18.700	0
2020.02.07  04:09:00	Failure	75.030	0	0	0	425.572	0	139.708	0	69.190	9	13.500	0	7.580	0	18.700	0
2020.02.07  04:10:00	Failure	77.589	0	0	0	423.711	0	133.468	0	69.090	9	13.500	0	7.580	0	18.700	0
2020.02.07  04:11:00	Failure	73.265	0	0	0	429.441	0	133.522	0	68.860	9	13.400	0	7.600	0	18.700	0
2020.02.07  04:12:00	Failure	75.191	0	0	0	423.717	0	142.180	0	68.520	9	13.400	0	7.580	0	18.700	0
2020.02.07  04:13:00	Failure	74.826	0	0	0	427.190	0	144.306	0	68.740	9	13.500	0	7.570	0	18.700	0
2020.02.07  04:14:00	Failure	71.524	0	0	0	418.838	0	145.214	0	69.100	9	13.500	0	7.570	0	18.700	0
2020.02.07  04:15:00	Failure	76.339	0	0	0	415.274	0	134.908	0	69.370	9	13.600	0	7.550	0	18.700	0
2020.02.07  04:16:00	Failure	74.043	0	0	0	415.640	0	134.814	0	69.450	9	13.700	0	7.550	0	18.700	0
2020.02.07  04:17:00	Failure	73.819	0	0	0	424.114	0	131.774	0	69.230	9	13.500	0	7.570	0	18.700	0
2020.02.07  04:18:00	Failure	77.040	0	0	0	431.941	0	144.157	0	68.910	9	13.600	0	7.560	0	18.700	0
2020.02.07  04:19:00	Failure	72.973	0	0	0	425.620	0	136.843	0	68.390	9	13.500	0	7.560	0	18.700	0
2020.02.07  04:20:00	Failure	75.603	0	0	0	428.236	0	149.892	0	68.670	9	13.400	0	7.570	0	18.700	0
2020.02.07  04:21:00	Failure	77.556	0	0	0	437.591	0	145.018	0	68.530	9	13.500	0	7.570	0	18.700	0
2020.02.07  04:22:00	Failure	79.538	0	0	0	438.506	0	130.525	0	68.370	9	13.400	0	7.560	0	18.700	0
2020.02.07  04:23:00	Failure	76.539	0	0	0	419.257	0	133.958	0	68.300	9	13.400	0	7.580	0	18.700	0
2020.02.07  04:24:00	Failure	79.138	0	0	0	430.521	0	147.021	0	68.450	9	13.500	0	7.560	0	18.700	0
2020.02.07  04:25:00	Failure	75.345	0	0	0	422.342	0	126.216	0	68.490	9	13.500	0	7.560	0	18.700	0
2020.02.07  04:26:00	Failure	73.028	0	0	0	420.812	0	145.016	0	68.660	9	13.500	0	7.580	0	18.700	0
2020.02.07  04:27:00	Failure	77.621	0	0	0	428.381	0	138.867	0	68.790	9	13.500	0	7.570	0	18.700	0
2020.02.07  04:28:00	Failure	77.626	0	0	0	417.941	0	133.886	0	68.730	9	13.500	0	7.560	0	18.700	0
2020.02.07  04:29:00	Failure	75.442	0	0	0	424.009	0	136.898	0	68.750	9	13.400	0	7.580	0	18.700	0
2020.02.07  04:30:00	Failure	74.520	0	0	0	425.158	0	153.057	0	68.720	9	13.500	0	7.570	0	18.700	0
2020.02.07  04:31:00	Failure	77.401	0	0	0	432.036	0	145.589	0	68.770	9	13.500	0	7.560	0	18.700	0
2020.02.07  04:32:00	Failure	76.603	0	0	0	428.120	0	143.467	0	68.690	9	13.400	0	7.580	0	18.700	0
2020.02.07  04:33:00	Failure	76.973	0	0	0	418.863	0	122.425	0	68.630	9	13.500	0	7.570	0	18.700	0
2020.02.07  04:34:00	Failure	79.584	0	0	0	432.418	0	140.436	0	68.680	9	13.500	0	7.570	0	18.700	0
2020.02.07  04:35:00	Failure	72.831	0	0	0	418.100	0	148.047	0	68.700	9	13.400	0	7.580	0	18.700	0
2020.02.07  04:36:00	Failure	73.705	0	0	0	435.144	0	149.073	0	68.610	9	13.400	0	7.570	0	18.700	0
2020.02.07  04:37:00	Failure	77.690	0	0	0	420.481	0	139.559	0	68.790	9	13.500	0	7.570	0	18.700	0
2020.02.07  04:38:00	Failure	74.587	0	0	0	415.714	0	148.788	0	68.930	9	13.400	0	7.580	0	18.700	0
2020.02.07  04:39:00	Failure	77.693	0	0	0	422.036	0	134.194	0	68.880	9	13.500	0	7.560	0	18.700	0
2020.02.07  04:40:00	Failure	75.018	0	0	0	422.998	0	143.775	0	68.920	9	13.500	0	7.560	0	18.700	0
2020.02.07  04:41:00	Failure	74.896	0	0	0	423.242	0	138.382	0	68.600	9	13.400	0	7.580	0	18.700	0
2020.02.07  04:42:00	Failure	76.956	0	0	0	416.114	0	140.002	0	68.470	9	13.500	0	7.560	0	18.700	0
2020.02.07  04:43:00	Failure	79.074	0	0	0	425.049	0	136.720	0	68.640	9	13.500	0	7.560	0	18.700	0
2020.02.07  04:44:00	Failure	73.159	0	0	0	423.765	0	146.770	0	68.720	9	13.400	0	7.570	0	18.700	0
2020.02.07  04:45:00	Failure	76.274	0	0	0	421.284	0	126.355	0	68.690	9	13.500	0	7.560	0	18.700	0
2020.02.07  04:46:00	Failure	76.307	0	0	0	414.638	0	125.552	0	68.790	9	13.500	0	7.550	0	18.700	0
2020.02.07  04:47:00	Failure	75.193	0	0	0	433.873	0	139.655	0	68.600	9	13.400	0	7.570	0	18.700	0
2020.02.07  04:48:00	Failure	73.964	0	0	0	420.548	0	140.710	0	68.520	9	13.400	0	7.560	0	18.700	0
2020.02.07  04:49:00	Failure	74.628	0	0	0	419.815	0	137.302	0	68.540	9	13.500	0	7.550	0	18.700	0
2020.02.07  04:50:00	Failure	73.053	0	0	0	417.201	0	158.393	0	68.540	9	13.400	0	7.570	0	18.700	0
2020.02.07  04:51:00	Failure	74.995	0	0	0	425.045	0	141.540	0	68.480	9	13.500	0	7.560	0	18.700	0
2020.02.07  04:52:00	Failure	83.008	0	0	0	440.595	0	136.127	0	68.520	9	13.500	0	7.540	0	18.700	0
2020.02.07  04:53:00	Failure	82.771	0	0	0	428.425	0	139.004	0	68.580	9	13.400	0	7.530	0	18.700	0
2020.02.07  04:54:00	Failure	81.580	0	0	0	435.236	0	133.985	0	68.480	9	13.500	0	7.520	0	18.700	0
2020.02.07  04:55:00	Failure	80.229	0	0	0	426.171	0	135.838	0	68.560	9	13.500	0	7.530	0	18.700	0
2020.02.07  04:56:00	Failure	83.542	0	0	0	434.872	0	141.746	0	68.620	9	13.400	0	7.550	0	18.700	0
2020.02.07  04:57:00	Failure	81.331	0	0	0	427.757	0	144.290	0	68.380	9	13.500	0	7.540	0	18.700	0
2020.02.07  04:58:00	Failure	78.539	0	0	0	424.627	0	135.335	0	68.430	9	13.500	0	7.540	0	18.600	0
2020.02.07  04:59:00	Failure	78.178	0	0	0	422.912	0	131.794	0	68.520	9	13.400	0	7.550	0	18.700	0
2020.02.07  05:00:00	Failure	78.917	0	0	0	431.868	0	138.473	0	68.310	9	13.500	0	7.530	0	18.700	0
2020.02.07  05:01:00	Failure	80.629	0	0	0	429.821	0	145.901	0	68.310	9	13.500	0	7.540	0	18.600	0
2020.02.07  05:02:00	Failure	76.843	0	0	0	424.417	0	135.721	0	68.410	9	13.400	0	7.550	0	18.700	0
2020.02.07  05:03:00	Failure	75.953	0	0	0	421.800	0	137.152	0	68.100	9	13.500	0	7.530	0	18.700	0
2020.02.07  05:04:00	Failure	79.579	0	0	0	429.542	0	138.712	0	67.760	9	13.500	0	7.540	0	18.700	0
2020.02.07  05:05:00	Failure	73.954	0	0	0	421.268	0	140.090	0	68.090	9	13.400	0	7.550	0	18.700	0
2020.02.07  05:06:00	Failure	77.794	0	0	0	423.089	0	128.213	0	68.080	9	13.500	0	7.540	0	18.700	0
2020.02.07  05:07:00	Failure	73.844	0	0	0	413.917	0	142.233	0	67.980	9	13.500	0	7.530	0	18.700	0
2020.02.07  05:08:00	Failure	76.957	0	0	0	415.302	0	150.778	0	68.120	9	13.400	0	7.550	0	18.700	0
2020.02.07  05:09:00	Failure	73.387	0	0	0	425.968	0	148.828	0	68.290	9	13.500	0	7.540	0	18.600	0
2020.02.07  05:10:00	Failure	80.114	0	0	0	423.775	0	136.924	0	68.280	9	13.500	0	7.540	0	18.700	0
2020.02.07  05:11:00	Failure	76.680	0	0	0	427.785	0	122.870	0	68.240	9	13.400	0	7.550	0	18.700	0
2020.02.07  05:12:00	Failure	78.180	0	0	0	437.666	0	143.736	0	68.310	9	13.500	0	7.540	0	18.700	0
2020.02.07  05:13:00	Failure	78.803	0	0	0	426.107	0	133.019	0	68.360	9	13.500	0	7.530	0	18.700	0
2020.02.07  05:14:00	Failure	73.583	0	0	0	428.123	0	146.836	0	68.410	9	13.400	0	7.530	0	18.600	0
2020.02.07  05:15:00	Failure	73.653	0	0	0	429.961	0	138.253	0	68.490	9	13.600	0	7.510	0	18.600	0
2020.02.07  05:16:00	Failure	75.585	0	0	0	427.056	0	148.696	0	68.560	9	13.700	0	7.510	0	18.600	0
2020.02.07  05:17:00	Failure	75.186	0	0	0	424.165	0	142.034	0	68.450	9	13.600	0	7.530	0	18.600	0
2020.02.07  05:18:00	Failure	80.195	0	0	0	437.995	0	134.409	0	68.260	9	13.500	0	7.520	0	18.600	0
2020.02.07  05:19:00	Failure	79.902	0	0	0	429.821	0	122.813	0	67.940	9	13.500	0	7.510	0	18.600	0
2020.02.07  05:20:00	Failure	75.215	0	0	0	431.344	0	140.360	0	67.860	9	13.400	0	7.530	0	18.600	0
2020.02.07  05:21:00	Failure	75.949	0	0	0	431.021	0	139.762	0	67.750	9	13.400	0	7.520	0	18.600	0
2020.02.07  05:22:00	Failure	81.673	0	0	0	444.319	0	139.372	0	67.530	9	13.400	0	7.520	0	18.600	0
2020.02.07  05:23:00	Failure	78.185	0	0	0	433.735	0	149.061	0	67.580	9	13.400	0	7.530	0	18.600	0
2020.02.07  05:24:00	Failure	79.066	0	0	0	441.064	0	143.696	0	67.520	9	13.400	0	7.520	0	18.600	0
2020.02.07  05:25:00	Failure	81.038	0	0	0	432.153	0	141.703	0	67.650	9	13.500	0	7.520	0	18.600	0
2020.02.07  05:26:00	Failure	75.706	0	0	0	430.356	0	143.089	0	67.690	9	13.400	0	7.530	0	18.600	0
2020.02.07  05:27:00	Failure	74.179	0	0	0	425.987	0	141.648	0	67.550	9	13.400	0	7.520	0	18.600	0
2020.02.07  05:28:00	Failure	78.254	0	0	0	426.280	0	150.463	0	67.600	9	13.500	0	7.520	0	18.600	0
2020.02.07  05:29:00	Failure	76.897	0	0	0	432.166	0	133.856	0	67.820	9	13.400	0	7.530	0	18.600	0
2020.02.07  05:30:00	Failure	82.025	0	0	0	425.029	0	127.052	0	67.830	9	13.500	0	7.520	0	18.600	0
2020.02.07  05:31:00	Failure	80.445	0	0	0	431.744	0	139.992	0	67.730	9	13.500	0	7.520	0	18.600	0
2020.02.07  05:32:00	Failure	78.218	0	0	0	431.301	0	140.105	0	67.930	9	13.400	0	7.530	0	18.600	0
2020.02.07  05:33:00	Failure	78.260	0	0	0	433.306	0	129.021	0	67.810	9	13.500	0	7.520	0	18.600	0
2020.02.07  05:34:00	Failure	80.231	0	0	0	430.136	0	132.889	0	67.760	9	13.500	0	7.510	0	18.600	0
2020.02.07  05:35:00	Failure	76.928	0	0	0	421.436	0	145.498	0	67.850	9	13.300	0	7.530	0	18.600	0
2020.02.07  05:36:00	Failure	75.773	0	0	0	434.930	0	129.554	0	67.850	9	13.400	0	7.520	0	18.600	0
2020.02.07  05:37:00	Failure	76.405	0	0	0	424.534	0	136.944	0	67.910	9	13.400	0	7.510	0	18.600	0
2020.02.07  05:38:00	Failure	76.600	0	0	0	430.486	0	137.474	0	67.920	9	13.400	0	7.520	0	18.600	0
2020.02.07  05:39:00	Failure	80.364	0	0	0	432.426	0	152.070	0	67.870	9	13.500	0	7.500	0	18.600	0
2020.02.07  05:40:00	Failure	76.011	0	0	0	441.260	0	140.226	0	67.800	9	13.500	0	7.510	0	18.600	0
2020.02.07  05:41:00	Failure	77.380	0	0	0	426.909	0	153.594	0	67.840	9	13.300	0	7.520	0	18.600	0
2020.02.07  05:42:00	Failure	79.509	0	0	0	426.882	0	129.208	0	67.900	9	13.400	0	7.500	0	18.600	0
2020.02.07  05:43:00	Failure	76.124	0	0	0	424.216	0	145.115	0	67.890	9	13.400	0	7.500	0	18.600	0
2020.02.07  05:44:00	Failure	77.538	0	0	0	438.502	0	135.088	0	67.870	9	13.300	0	7.510	0	18.600	0
2020.02.07  05:45:00	Failure	79.916	0	0	0	435.870	0	138.933	0	67.630	9	13.400	0	7.500	0	18.600	0
2020.02.07  05:46:00	Failure	81.430	0	0	0	434.658	0	144.698	0	67.760	9	13.400	0	7.490	0	18.600	0
2020.02.07  05:47:00	Failure	77.992	0	0	0	440.894	0	149.043	0	67.800	9	13.300	0	7.510	0	18.600	0
2020.02.07  05:48:00	Failure	80.562	0	0	0	432.739	0	137.729	0	67.570	9	13.400	0	7.500	0	18.600	0
2020.02.07  05:49:00	Failure	80.101	0	0	0	433.674	0	126.540	0	67.400	9	13.400	0	7.500	0	18.600	0
2020.02.07  05:50:00	Failure	76.999	0	0	0	431.775	0	137.072	0	67.720	9	13.300	0	7.510	0	18.600	0
2020.02.07  05:51:00	Failure	75.872	0	0	0	432.133	0	139.161	0	67.740	9	13.400	0	7.500	0	18.600	0
2020.02.07  05:52:00	Failure	79.138	0	0	0	445.817	0	151.767	0	67.780	9	13.400	0	7.490	0	18.600	0
2020.02.07  05:53:00	Failure	77.658	0	0	0	426.348	0	128.893	0	67.410	9	13.300	0	7.510	0	18.600	0
2020.02.07  05:54:00	Failure	76.939	0	0	0	431.776	0	140.691	0	67.510	9	13.400	0	7.490	0	18.600	0
2020.02.07  05:55:00	Failure	79.225	0	0	0	436.706	0	129.806	0	67.620	9	13.400	0	7.480	0	18.600	0
2020.02.07  05:56:00	Failure	85.877	0	0	0	446.161	0	136.816	0	67.500	9	13.300	0	7.500	0	18.600	0
2020.02.07  05:57:00	Failure	83.378	0	0	0	449.860	0	135.209	0	67.060	9	13.400	0	7.490	0	18.600	0
2020.02.07  05:58:00	Failure	79.949	0	0	0	439.291	0	143.021	0	67.110	9	13.400	0	7.480	0	18.600	0
2020.02.07  05:59:00	Failure	82.164	0	0	0	442.992	0	142.129	0	67.290	9	13.300	0	7.490	0	18.600	0
2020.02.07  06:00:00	Failure	84.800	0	0	0	449.036	0	121.005	0	67.100	9	13.400	0	7.470	0	18.600	0
2020.02.07  06:01:00	Failure	79.679	0	0	0	437.423	0	143.242	0	67.010	9	13.300	0	7.470	0	18.600	0
2020.02.07  06:02:00	Failure	81.828	0	0	0	449.101	0	134.874	0	67.410	9	13.300	0	7.480	0	18.600	0
2020.02.07  06:03:00	Failure	82.559	0	0	0	454.050	0	149.781	0	67.350	9	13.400	0	7.470	0	18.600	0
2020.02.07  06:04:00	Failure	81.126	0	0	0	440.275	0	142.677	0	67.420	9	13.400	0	7.460	0	18.600	0
2020.02.07  06:05:00	Failure	80.873	0	0	0	443.299	0	135.981	0	67.210	9	13.300	0	7.480	0	18.600	0
2020.02.07  06:06:00	Failure	84.071	0	0	0	442.121	0	143.673	0	67.110	9	13.400	0	7.470	0	18.600	0
2020.02.07  06:07:00	Failure	81.548	0	0	0	446.002	0	136.799	0	67.170	9	13.400	0	7.470	0	18.600	0
2020.02.07  06:08:00	Failure	78.007	0	0	0	448.420	0	141.010	0	67.220	9	13.200	0	7.470	0	18.600	0
2020.02.07  06:09:00	Failure	80.010	0	0	0	441.672	0	137.941	0	67.020	9	13.400	0	7.460	0	18.600	0
2020.02.07  06:10:00	Failure	80.957	0	0	0	442.352	0	136.787	0	66.890	9	13.400	0	7.450	0	18.600	0
2020.02.07  06:11:00	Failure	84.308	0	0	0	447.272	0	129.590	0	67.100	9	13.300	0	7.470	0	18.600	0
2020.02.07  06:12:00	Failure	84.913	0	0	0	453.440	0	136.991	0	66.850	9	13.400	0	7.450	0	18.600	0
2020.02.07  06:13:00	Failure	83.890	0	0	0	441.567	0	139.431	0	66.880	9	13.400	0	7.450	0	18.600	0
2020.02.07  06:14:00	Failure	83.917	0	0	0	448.491	0	131.662	0	67.250	9	13.400	0	7.450	0	18.600	0
2020.02.07  06:15:00	Failure	82.130	0	0	0	441.306	0	142.055	0	67.470	9	13.500	0	7.430	0	18.600	0
2020.02.07  06:16:00	Failure	82.302	0	0	0	448.073	0	128.192	0	67.380	9	13.500	0	7.430	0	18.600	0
2020.02.07  06:17:00	Failure	79.863	0	0	0	434.955	0	145.028	0	67.300	9	13.400	0	7.440	0	18.600	0
2020.02.07  06:18:00	Failure	85.042	0	0	0	449.475	0	138.481	0	66.870	9	13.400	0	7.430	0	18.500	0
2020.02.07  06:19:00	Failure	86.056	0	0	0	450.839	0	139.059	0	66.660	9	13.400	0	7.430	0	18.500	0
2020.02.07  06:20:00	Failure	82.476	0	0	0	451.821	0	124.793	0	66.670	9	13.300	0	7.440	0	18.500	0
2020.02.07  06:21:00	Failure	86.739	0	0	0	440.383	0	131.687	0	66.470	9	13.300	0	7.440	0	18.500	0
2020.02.07  06:22:00	Failure	88.253	0	0	0	448.727	0	145.667	0	66.360	9	13.300	0	7.430	0	18.500	0
2020.02.07  06:23:00	Failure	85.265	0	0	0	460.856	0	133.738	0	66.480	9	13.200	0	7.440	0	18.500	0
2020.02.07  06:24:00	Failure	86.244	0	0	0	448.307	0	134.147	0	66.340	9	13.300	0	7.430	0	18.500	0
2020.02.07  06:25:00	Failure	88.718	0	0	0	453.862	0	139.423	0	66.470	9	13.300	0	7.420	0	18.500	0
2020.02.07  06:26:00	Failure	88.812	0	0	0	462.032	0	124.188	0	66.820	9	13.300	0	7.440	0	18.500	0
2020.02.07  06:27:00	Failure	86.405	0	0	0	458.100	0	130.094	0	66.730	9	13.300	0	7.430	0	18.500	0
2020.02.07  06:28:00	Failure	90.209	0	0	0	464.324	0	153.350	0	66.730	9	13.400	0	7.420	0	18.500	0
2020.02.07  06:29:00	Failure	86.517	0	0	0	449.728	0	138.916	0	66.770	9	13.300	0	7.430	0	18.500	0
2020.02.07  06:30:00	Failure	86.050	0	0	0	461.954	0	143.741	0	66.490	9	13.300	0	7.430	0	18.500	0
2020.02.07  06:31:00	Failure	87.051	0	0	0	451.642	0	130.403	0	66.350	9	13.300	0	7.420	0	18.500	0
2020.02.07  06:32:00	Failure	83.571	0	0	0	448.073	0	131.841	0	66.540	9	13.200	0	7.440	0	18.500	0
2020.02.07  06:33:00	Failure	85.701	0	0	0	452.678	0	134.396	0	66.450	9	13.300	0	7.440	0	18.500	0
2020.02.07  06:34:00	Failure	84.541	0	0	0	464.426	0	134.819	0	66.280	9	13.300	0	7.430	0	18.500	0
2020.02.07  06:35:00	Failure	86.082	0	0	0	457.426	0	142.073	0	66.550	9	13.200	0	7.440	0	18.500	0
2020.02.07  06:36:00	Failure	85.000	0	0	0	462.624	0	137.700	0	66.670	9	13.300	0	7.430	0	18.500	0
2020.02.07  06:37:00	Failure	85.625	0	0	0	463.860	0	140.063	0	66.520	9	13.300	0	7.420	0	18.500	0
2020.02.07  06:38:00	Failure	93.023	0	0	0	463.021	0	136.499	0	66.530	9	13.200	0	7.440	0	18.500	0
2020.02.07  06:39:00	Failure	92.175	0	0	0	466.786	0	134.059	0	66.360	9	13.300	0	7.430	0	18.500	0
2020.02.07  06:40:00	Failure	92.071	0	0	0	461.611	0	137.925	0	66.360	9	13.300	0	7.420	0	18.500	0
2020.02.07  06:41:00	Failure	83.024	0	0	0	448.897	0	135.049	0	66.490	9	13.200	0	7.430	0	18.500	0
2020.02.07  06:42:00	Failure	85.071	0	0	0	448.582	0	127.620	0	66.390	9	13.200	0	7.430	0	18.500	0
2020.02.07  06:43:00	Failure	89.376	0	0	0	452.370	0	139.875	0	66.340	9	13.200	0	7.420	0	18.500	0
2020.02.07  06:44:00	Failure	85.786	0	0	0	445.240	0	134.491	0	66.480	9	13.200	0	7.430	0	18.500	0
2020.02.07  06:45:00	Failure	87.807	0	0	0	458.913	0	131.107	0	66.090	9	13.200	0	7.420	0	18.500	0
2020.02.07  06:46:00	Failure	85.367	0	0	0	445.064	0	133.868	0	66.080	9	13.200	0	7.420	0	18.500	0
2020.02.07  06:47:00	Failure	84.154	0	0	0	457.317	0	135.433	0	66.200	9	13.100	0	7.430	0	18.500	0
2020.02.07  06:48:00	Failure	88.055	0	0	0	457.608	0	132.629	0	65.970	9	13.200	0	7.410	0	18.500	0
2020.02.07  06:49:00	Failure	84.230	0	0	0	469.489	0	149.096	0	65.970	9	13.200	0	7.400	0	18.500	0
2020.02.07  06:50:00	Failure	89.503	0	0	0	464.516	0	145.906	0	66.140	9	13.100	0	7.420	0	18.400	0
2020.02.07  06:51:00	Failure	88.550	0	0	0	456.313	0	137.822	0	65.830	9	13.200	0	7.400	0	18.400	0
2020.02.07  06:52:00	Failure	89.679	0	0	0	467.652	0	137.325	0	65.850	9	13.300	0	7.390	0	18.400	0
2020.02.07  06:53:00	Failure	87.242	0	0	0	463.107	0	143.704	0	65.950	9	13.100	0	7.410	0	18.400	0
2020.02.07  06:54:00	Failure	90.685	0	0	0	460.028	0	139.048	0	65.730	9	13.200	0	7.390	0	18.400	0
2020.02.07  06:55:00	Failure	87.393	0	0	0	467.148	0	138.911	0	65.740	9	13.200	0	7.390	0	18.400	0
2020.02.07  06:56:00	Failure	89.236	0	0	0	474.744	0	152.558	0	65.650	9	13.100	0	7.400	0	18.400	0
2020.02.07  06:57:00	Failure	91.639	0	0	0	468.173	0	134.097	0	65.290	9	13.200	0	7.390	0	18.400	0
2020.02.07  06:58:00	Failure	91.501	0	0	0	467.509	0	128.568	0	65.200	9	13.200	0	7.380	0	18.400	0
2020.02.07  06:59:00	Failure	88.418	0	0	0	467.698	0	131.868	0	65.240	9	13.100	0	7.400	0	18.400	0
2020.02.07  07:00:00	Failure	86.433	0	0	0	471.165	0	140.842	0	65.070	9	13.100	0	7.390	0	18.400	0
2020.02.07  07:01:00	Failure	88.589	0	0	0	467.067	0	134.365	0	65.020	9	13.100	0	7.380	0	18.400	0
2020.02.07  07:02:00	Failure	92.007	0	0	0	481.705	0	140.319	0	65.210	9	13.000	0	7.390	0	18.400	0
2020.02.07  07:03:00	Failure	93.634	0	0	0	477.776	0	135.115	0	64.950	9	13.100	0	7.380	0	18.400	0
2020.02.07  07:04:00	Failure	94.053	0	0	0	475.078	0	145.464	0	64.680	9	13.100	0	7.370	0	18.400	0
2020.02.07  07:05:00	Failure	89.594	0	0	0	480.759	0	148.598	0	65.100	9	13.100	0	7.370	0	18.400	0
2020.02.07  07:06:00	Failure	92.688	0	0	0	478.518	0	140.788	0	64.970	9	13.100	0	7.360	0	18.300	0
2020.02.07  07:07:00	Failure	94.352	0	0	0	483.612	0	133.478	0	64.930	9	13.100	0	7.360	0	18.300	0
2020.02.07  07:08:00	Failure	95.830	0	0	0	488.075	0	135.457	0	64.890	9	13.100	0	7.370	0	18.300	0
2020.02.07  07:09:00	Failure	91.311	0	0	0	474.910	0	137.017	0	64.870	9	13.100	0	7.360	0	18.300	0
2020.02.07  07:10:00	Failure	94.355	0	0	0	480.383	0	142.422	0	64.890	9	13.100	0	7.350	0	18.300	0
2020.02.07  07:11:00	Failure	89.556	0	0	0	476.850	0	142.176	0	64.840	9	13.000	0	7.370	0	18.300	0
2020.02.07  07:12:00	Failure	88.947	0	0	0	484.179	0	153.278	0	64.300	9	13.100	0	7.360	0	18.300	0
2020.02.07  07:13:00	Failure	96.658	0	0	0	490.754	0	130.721	0	64.280	9	13.100	0	7.350	0	18.300	0
2020.02.07  07:14:00	Failure	97.079	0	0	0	494.467	0	153.842	0	64.720	9	13.100	0	7.350	0	18.300	0
2020.02.07  07:15:00	Failure	89.435	0	0	0	473.517	0	124.701	0	64.570	9	13.100	0	7.330	0	18.300	0
2020.02.07  07:16:00	Failure	89.859	0	0	0	473.180	0	130.849	0	64.510	9	13.200	0	7.330	0	18.300	0
2020.02.07  07:17:00	Failure	91.629	0	0	0	481.642	0	142.419	0	64.680	9	13.100	0	7.350	0	18.300	0
2020.02.07  07:18:00	Failure	92.333	0	0	0	482.473	0	144.187	0	64.310	9	13.100	0	7.330	0	18.300	0
2020.02.07  07:19:00	Failure	94.230	0	0	0	490.284	0	127.128	0	63.810	9	13.000	0	7.330	0	18.300	0
2020.02.07  07:20:00	Failure	96.168	0	0	0	499.697	0	157.447	0	63.950	9	13.000	0	7.350	0	18.200	0
2020.02.07  07:21:00	Failure	97.601	0	0	0	501.105	0	147.445	0	63.710	9	13.000	0	7.330	0	18.200	0
2020.02.07  07:22:00	Failure	97.637	0	0	0	498.184	0	139.063	0	63.540	9	13.000	0	7.330	0	18.200	0
2020.02.07  07:23:00	Failure	102.611	0	0	0	506.232	0	146.746	0	63.520	9	12.900	0	7.340	0	18.200	0
2020.02.07  07:24:00	Failure	104.077	0	0	0	500.276	0	121.795	0	63.550	9	13.000	0	7.330	0	18.200	0
2020.02.07  07:25:00	Failure	107.392	0	0	0	514.866	0	143.431	0	63.290	9	13.000	0	7.320	0	18.200	0
2020.02.07  07:26:00	Failure	94.701	0	0	0	487.419	0	148.146	0	63.300	9	12.900	0	7.330	0	18.200	0
2020.02.07  07:27:00	Failure	99.573	0	0	0	489.837	0	142.144	0	62.940	9	13.000	0	7.320	0	18.200	0
2020.02.07  07:28:00	Failure	99.959	0	0	0	513.932	0	131.341	0	62.620	9	12.900	0	7.320	0	18.100	0
2020.02.07  07:29:00	Failure	97.656	0	0	0	506.470	0	147.121	0	62.820	9	12.800	0	7.320	0	18.100	0
2020.02.07  07:30:00	Failure	99.494	0	0	0	499.503	0	138.718	0	62.600	9	12.900	0	7.320	0	18.100	0
2020.02.07  07:31:00	Failure	99.585	0	0	0	500.238	0	136.800	0	62.390	9	12.900	0	7.320	0	18.100	0
2020.02.07  07:32:00	Failure	98.957	0	0	0	498.824	0	130.082	0	62.540	9	12.800	0	7.330	0	18.100	0
2020.02.07  07:33:00	Failure	100.438	0	0	0	505.487	0	121.930	0	62.240	9	12.800	0	7.320	0	18.100	0
2020.02.07  07:34:00	Failure	101.187	0	0	0	505.147	0	134.628	0	62.080	9	12.900	0	7.310	0	18.100	0
2020.02.07  07:35:00	Failure	100.521	0	0	0	508.933	0	146.860	0	62.140	9	12.700	0	7.320	0	18.100	0
2020.02.07  07:36:00	Failure	101.311	0	0	0	510.129	0	138.550	0	61.770	9	12.700	0	7.320	0	18.100	0
2020.02.07  07:37:00	Failure	106.537	0	0	0	519.386	0	119.610	0	61.550	9	12.700	0	7.310	0	18.100	0
2020.02.07  07:38:00	Failure	99.700	0	0	0	509.525	0	143.731	0	61.720	9	12.600	0	7.320	0	18.000	0
2020.02.07  07:39:00	Failure	100.722	0	0	0	505.413	0	150.271	0	61.300	9	12.700	0	7.310	0	18.000	0
2020.02.07  07:40:00	Failure	99.986	0	0	0	504.801	0	133.693	0	61.240	9	12.700	0	7.300	0	18.000	0
2020.02.07  07:41:00	Failure	100.165	0	0	0	504.055	0	136.891	0	61.480	9	12.600	0	7.310	0	18.000	0
2020.02.07  07:42:00	Failure	99.203	0	0	0	513.862	0	142.556	0	61.040	9	12.600	0	7.300	0	18.000	0
2020.02.07  07:43:00	Failure	100.208	0	0	0	512.856	0	145.298	0	60.840	9	12.600	0	7.290	0	18.000	0
2020.02.07  07:44:00	Failure	104.736	0	0	0	517.222	0	137.223	0	60.780	9	12.500	0	7.310	0	18.000	0
2020.02.07  07:45:00	Failure	99.243	0	0	0	505.671	0	135.796	0	60.520	9	12.600	0	7.300	0	18.000	0
2020.02.07  07:46:00	Failure	108.210	0	0	0	509.694	0	137.576	0	60.270	9	12.600	0	7.290	0	17.900	0
2020.02.07  07:47:00	Failure	100.092	0	0	0	517.449	0	159.656	0	60.530	9	12.500	0	7.300	0	17.900	0
2020.02.07  07:48:00	Failure	102.147	0	0	0	513.791	0	139.568	0	60.370	9	12.500	0	7.290	0	17.900	0
2020.02.07  07:49:00	Failure	103.125	0	0	0	515.344	0	129.413	0	60.030	9	12.400	0	7.290	0	17.900	0
2020.02.07  07:50:00	Failure	104.373	0	0	0	512.403	0	126.265	0	60.160	9	12.300	0	7.290	0	17.900	0
2020.02.07  07:51:00	Failure	105.270	0	0	0	518.356	0	148.783	0	59.880	9	12.400	0	7.280	0	17.900	0
2020.02.07  07:52:00	Failure	104.670	0	0	0	521.270	0	140.471	0	59.760	9	12.400	0	7.280	0	17.900	0
2020.02.07  07:53:00	Failure	97.529	0	0	0	512.349	0	141.470	0	59.850	9	12.400	0	7.290	0	17.900	0
2020.02.07  07:54:00	Failure	102.683	0	0	0	513.476	0	125.909	0	59.420	9	12.400	0	7.280	0	17.900	0
2020.02.07  07:55:00	Failure	103.613	0	0	0	535.269	0	135.033	0	59.190	9	12.400	0	7.280	0	17.800	0
2020.02.07  07:56:00	Failure	101.587	0	0	0	522.547	0	133.322	0	59.360	9	12.300	0	7.290	0	17.800	0
2020.02.07  07:57:00	Failure	101.154	0	0	0	525.592	0	135.670	0	59.080	9	12.300	0	7.280	0	17.800	0
2020.02.07  07:58:00	Failure	109.174	0	0	0	541.628	0	150.397	0	59.000	9	12.400	0	7.270	0	17.800	0
2020.02.07  07:59:00	Failure	102.559	0	0	0	514.281	0	137.145	0	59.010	9	12.200	0	7.290	0	17.800	0
2020.02.07  08:00:00	Failure	104.639	0	0	0	518.393	0	139.359	0	58.820	9	12.300	0	7.280	0	17.800	0
2020.02.07  08:01:00	Failure	106.272	0	0	0	536.336	0	141.328	0	58.750	9	12.200	0	7.270	0	17.800	0
2020.02.07  08:02:00	Failure	105.681	0	0	0	516.986	0	130.096	0	58.800	9	12.200	0	7.280	0	17.800	0
2020.02.07  08:03:00	Failure	102.918	0	0	0	524.280	0	126.654	0	58.400	9	12.200	0	7.270	0	17.800	0
2020.02.07  08:04:00	Failure	109.533	0	0	0	526.020	0	133.533	0	58.230	9	12.200	0	7.260	0	17.800	0
2020.02.07  08:05:00	Failure	106.144	0	0	0	529.851	0	138.136	0	58.180	9	12.100	0	7.280	0	17.700	0
2020.02.07  08:06:00	Failure	105.683	0	0	0	516.412	0	132.904	0	57.920	9	12.100	0	7.270	0	17.700	0
2020.02.07  08:07:00	Failure	103.608	0	0	0	525.708	0	145.467	0	57.670	9	12.200	0	7.270	0	17.700	0
2020.02.07  08:08:00	Failure	103.140	0	0	0	521.824	0	130.890	0	57.870	9	12.000	0	7.280	0	17.700	0
2020.02.07  08:09:00	Failure	109.245	0	0	0	523.289	0	138.975	0	57.600	9	12.100	0	7.260	0	17.700	0
2020.02.07  08:10:00	Failure	107.926	0	0	0	529.966	0	131.931	0	57.530	9	12.100	0	7.260	0	17.700	0
2020.02.07  08:11:00	Failure	105.135	0	0	0	517.981	0	136.073	0	57.800	9	12.100	0	7.270	0	17.700	0
2020.02.07  08:12:00	Failure	107.088	0	0	0	531.436	0	142.650	0	57.360	9	12.000	0	7.260	0	17.700	0
2020.02.07  08:13:00	Failure	105.666	0	0	0	525.915	0	131.451	0	57.000	9	12.100	0	7.260	0	17.700	0
2020.02.07  08:14:00	Failure	101.243	0	0	0	522.944	0	141.522	0	57.300	9	12.000	0	7.260	0	17.700	0
2020.02.07  08:15:00	Failure	104.162	0	0	0	525.212	0	145.978	0	57.310	9	12.100	0	7.240	0	17.700	0
2020.02.07  08:16:00	Failure	104.856	0	0	0	524.505	0	137.678	0	57.250	9	12.100	0	7.240	0	17.700	0
2020.02.07  08:17:00	Failure	104.093	0	0	0	516.249	0	153.065	0	57.370	9	12.100	0	7.250	0	17.700	0
2020.02.07  08:18:00	Failure	104.962	0	0	0	516.757	0	156.289	0	56.970	9	12.100	0	7.250	0	17.700	0
2020.02.07  08:19:00	Failure	108.929	0	0	0	530.058	0	141.462	0	56.500	9	12.000	0	7.250	0	17.700	0
2020.02.07  08:20:00	Failure	104.460	0	0	0	529.282	0	133.430	0	56.680	9	12.000	0	7.260	0	17.700	0
2020.02.07  08:21:00	Failure	109.663	0	0	0	529.073	0	133.488	0	56.310	9	12.000	0	7.250	0	17.600	0
2020.02.07  08:22:00	Failure	111.270	0	0	0	538.989	0	129.411	0	56.060	9	12.000	0	7.250	0	17.600	0
2020.02.07  08:23:00	Failure	103.927	0	0	0	533.399	0	142.128	0	56.310	9	11.900	0	7.260	0	17.600	0
2020.02.07  08:24:00	Failure	104.175	0	0	0	539.504	0	145.998	0	56.040	9	11.900	0	7.240	0	17.600	0
2020.02.07  08:25:00	Failure	110.113	0	0	0	534.618	0	131.103	0	55.960	9	11.900	0	7.250	0	17.600	0
2020.02.07  08:26:00	Failure	105.343	0	0	0	514.614	0	152.246	0	55.940	9	11.800	0	7.270	0	17.600	0
2020.02.07  08:27:00	Failure	107.169	0	0	0	532.092	0	148.956	0	55.440	9	11.800	0	7.270	0	17.600	0
2020.02.07  08:28:00	Failure	109.296	0	0	0	532.771	0	146.237	0	55.090	9	11.800	0	7.270	0	17.600	0
2020.02.07  08:29:00	Failure	114.551	0	0	0	534.387	0	136.172	0	55.330	9	11.700	0	7.270	0	17.600	0
2020.02.07  08:30:00	Failure	108.955	0	0	0	517.069	0	137.991	0	55.010	9	11.700	0	7.260	0	17.500	0
2020.02.07  08:31:00	Failure	106.850	0	0	0	516.130	0	131.176	0	54.900	9	11.700	0	7.260	0	17.500	0
2020.02.07  08:32:00	Failure	103.049	0	0	0	521.036	0	149.947	0	55.120	9	11.600	0	7.270	0	17.500	0
2020.02.07  08:33:00	Failure	104.302	0	0	0	517.985	0	140.758	0	55.210	9	11.700	0	7.260	0	17.500	0
2020.02.07  08:34:00	Failure	105.731	0	0	0	527.570	0	153.758	0	55.170	9	11.700	0	7.260	0	17.500	0
2020.02.07  08:35:00	Failure	104.561	0	0	0	526.047	0	148.650	0	55.100	9	11.600	0	7.270	0	17.500	0
2020.02.07  08:36:00	Failure	102.915	0	0	0	524.091	0	139.659	0	54.960	9	11.700	0	7.260	0	17.500	0
2020.02.07  08:37:00	Failure	106.544	0	0	0	522.053	0	138.529	0	54.820	9	11.700	0	7.260	0	17.500	0
2020.02.07  08:38:00	Failure	102.047	0	0	0	517.450	0	138.708	0	54.790	9	11.600	0	7.270	0	17.500	0
2020.02.07  08:39:00	Failure	104.129	0	0	0	506.843	0	125.197	0	54.600	9	11.700	0	7.260	0	17.500	0
2020.02.07  08:40:00	Failure	105.986	0	0	0	527.222	0	144.042	0	54.610	9	11.700	0	7.250	0	17.500	0
2020.02.07  08:41:00	Failure	105.357	0	0	0	515.547	0	119.584	0	54.710	9	11.600	0	7.260	0	17.400	0
2020.02.07  08:42:00	Failure	105.496	0	0	0	521.595	0	131.123	0	54.520	9	11.600	0	7.250	0	17.400	0
2020.02.07  08:43:00	Failure	111.584	0	0	0	532.104	0	132.194	0	54.540	9	11.700	0	7.250	0	17.500	0
2020.02.07  08:44:00	Failure	105.908	0	0	0	535.843	0	139.381	0	54.630	9	11.600	0	7.260	0	17.400	0
2020.02.07  08:45:00	Failure	103.918	0	0	0	513.834	0	139.030	0	54.470	9	11.600	0	7.250	0	17.400	0
2020.02.07  08:46:00	Failure	103.991	0	0	0	512.740	0	147.544	0	54.450	9	11.600	0	7.250	0	17.400	0
2020.02.07  08:47:00	Failure	104.051	0	0	0	525.530	0	144.504	0	54.420	9	11.500	0	7.270	0	17.400	0
2020.02.07  08:48:00	Failure	105.563	0	0	0	527.140	0	146.917	0	54.240	9	11.600	0	7.260	0	17.400	0
2020.02.07  08:49:00	Failure	104.391	0	0	0	522.650	0	139.273	0	54.160	9	11.600	0	7.250	0	17.400	0
2020.02.07  08:50:00	Failure	103.067	0	0	0	521.465	0	150.374	0	54.240	9	11.500	0	7.270	0	17.400	0
2020.02.07  08:51:00	Failure	106.541	0	0	0	526.370	0	127.435	0	53.990	9	11.600	0	7.260	0	17.400	0
2020.02.07  08:52:00	Failure	105.581	0	0	0	520.662	0	143.764	0	53.990	9	11.600	0	7.250	0	17.400	0
2020.02.07  08:53:00	Failure	104.115	0	0	0	517.768	0	141.159	0	53.940	9	11.500	0	7.270	0	17.400	0
2020.02.07  08:54:00	Failure	104.611	0	0	0	525.465	0	140.046	0	53.620	9	11.500	0	7.260	0	17.400	0
2020.02.07  08:55:00	Failure	105.258	0	0	0	511.399	0	130.039	0	53.470	9	11.500	0	7.260	0	17.400	0
2020.02.07  08:56:00	Failure	104.288	0	0	0	513.707	0	139.025	0	53.820	9	11.400	0	7.270	0	17.300	0
2020.02.07  08:57:00	Failure	104.888	0	0	0	519.039	0	144.206	0	53.550	9	11.500	0	7.260	0	17.300	0
2020.02.07  08:58:00	Failure	107.867	0	0	0	517.015	0	140.034	0	53.470	9	11.500	0	7.260	0	17.300	0
2020.02.07  08:59:00	Failure	101.788	0	0	0	514.612	0	139.387	0	53.510	9	11.400	0	7.270	0	17.300	0
2020.02.07  09:00:00	Failure	101.206	0	0	0	521.176	0	129.753	0	53.180	9	11.400	0	7.270	0	17.300	0
2020.02.07  09:01:00	Failure	102.806	0	0	0	519.068	0	141.902	0	53.120	9	11.400	0	7.260	0	17.300	0
2020.02.07  09:02:00	Failure	102.301	0	0	0	512.759	0	144.242	0	53.320	9	11.300	0	7.280	0	17.300	0
2020.02.07  09:03:00	Failure	104.967	0	0	0	513.415	0	132.593	0	53.300	9	11.400	0	7.270	0	17.300	0
2020.02.07  09:04:00	Failure	104.737	0	0	0	526.112	0	133.213	0	53.430	9	11.400	0	7.270	0	17.300	0
2020.02.07  09:05:00	Failure	102.858	0	0	0	520.116	0	160.085	0	53.610	9	11.400	0	7.280	0	17.300	0
2020.02.07  09:06:00	Failure	105.187	0	0	0	529.020	0	138.514	0	53.570	9	11.400	0	7.270	0	17.300	0
2020.02.07  09:07:00	Failure	108.084	0	0	0	524.313	0	145.878	0	53.600	9	11.500	0	7.260	0	17.300	0
2020.02.07  09:08:00	Failure	104.641	0	0	0	523.918	0	139.102	0	53.640	9	11.400	0	7.270	0	17.300	0
2020.02.07  09:09:00	Failure	102.474	0	0	0	521.800	0	147.024	0	53.390	9	11.400	0	7.260	0	17.300	0
2020.02.07  09:10:00	Failure	105.456	0	0	0	527.237	0	143.506	0	53.450	9	11.500	0	7.260	0	17.300	0
2020.02.07  09:11:00	Failure	103.342	0	0	0	524.091	0	147.977	0	53.750	9	11.400	0	7.270	0	17.300	0
2020.02.07  09:12:00	Failure	101.525	0	0	0	514.146	0	144.772	0	53.720	9	11.500	0	7.260	0	17.300	0
2020.02.07  09:13:00	Failure	104.590	0	0	0	524.615	0	147.734	0	53.660	9	11.500	0	7.260	0	17.300	0
2020.02.07  09:14:00	Failure	100.419	0	0	0	521.392	0	150.926	0	53.860	9	11.500	0	7.260	0	17.300	0
2020.02.07  09:15:00	Failure	101.794	0	0	0	512.101	0	133.437	0	54.140	9	11.600	0	7.250	0	17.300	0
2020.02.07  09:16:00	Failure	100.439	0	0	0	508.724	0	147.859	0	54.430	9	11.600	0	7.250	0	17.300	0
2020.02.07  09:17:00	Failure	102.411	0	0	0	519.691	0	150.887	0	54.510	9	11.500	0	7.270	0	17.300	0
