80207090_20_0x0100_spectro::lyser_INFLUENTV120	This file contains data of the current measurement.         
Date/Time	Status	TSSeq [mg/l]3000.00-0.00_1	[TSSeq_0.0000_0.3995_0.0000_0.0000]	NO3-Neq [mg/l]40.00-0.00_1	[NO3-Neq_0.0000_0.0000_0.0000_0.0000]	CODeq [mg/l]3750.00-0.00_1	[CODeq_2.4443_0.9996_0.0000_0.0000]	CODfeq [mg/l]1250.00-0.00_1	[CODfeq_-4.8229_1.3661_0.0000_0.0000]	NH4-N [ppm]19.80-0.10_2	[NH4-N_0.0_1.0_0.0_0.0]	K [ppm]55.00-0.10_1	[K_0.0_1.0_0.0_0.0]	pH [pH]12.00-2.00_2	[pH_0.0_1.0_0.0_0.0]	Temp. [°C]100.00--10.00_1	[Temp._0.0_1.0_0.0_0.0]
2020.02.06  05:31:00	Failure	82.975	0	0	0	442.563	0	132.122	0	68.450	9	13.100	0	7.460	0	18.700	0
2020.02.06  05:32:00	Failure	78.971	0	0	0	422.848	0	139.480	0	68.550	9	13.000	0	7.470	0	18.700	0
2020.02.06  05:33:00	Failure	78.313	0	0	0	422.230	0	147.947	0	68.550	9	13.200	0	7.470	0	18.700	0
2020.02.06  05:34:00	Failure	83.139	0	0	0	430.423	0	118.797	0	68.580	9	13.200	0	7.460	0	18.700	0
2020.02.06  05:35:00	Failure	73.743	0	0	0	419.409	0	139.967	0	68.240	9	13.000	0	7.480	0	18.700	0
2020.02.06  05:36:00	Failure	78.047	0	0	0	415.918	0	129.329	0	68.590	9	13.200	0	7.470	0	18.700	0
2020.02.06  05:37:00	Failure	81.254	0	0	0	427.369	0	131.455	0	68.450	9	13.200	0	7.470	0	18.700	0
2020.02.06  05:38:00	Failure	77.751	0	0	0	420.278	0	133.300	0	68.510	9	13.000	0	7.480	0	18.700	0
2020.02.06  05:39:00	Failure	77.397	0	0	0	416.327	0	135.303	0	68.090	9	13.100	0	7.470	0	18.700	0
2020.02.06  05:40:00	Failure	78.446	0	0	0	419.872	0	136.315	0	68.440	9	13.200	0	7.460	0	18.700	0
2020.02.06  05:41:00	Failure	77.014	0	0	0	416.595	0	137.363	0	68.530	9	13.000	0	7.480	0	18.700	0
2020.02.06  05:42:00	Failure	75.875	0	0	0	422.581	0	129.076	0	68.250	9	13.100	0	7.470	0	18.700	0
2020.02.06  05:43:00	Failure	75.292	0	0	0	420.829	0	133.377	0	68.280	9	13.100	0	7.460	0	18.700	0
2020.02.06  05:44:00	Failure	79.391	0	0	0	414.202	0	141.493	0	68.390	9	13.000	0	7.470	0	18.700	0
2020.02.06  05:45:00	Failure	75.051	0	0	0	413.610	0	134.924	0	68.340	9	13.100	0	7.460	0	18.700	0
2020.02.06  05:46:00	Failure	78.788	0	0	0	421.613	0	137.313	0	68.270	9	13.100	0	7.450	0	18.700	0
2020.02.06  05:47:00	Failure	76.989	0	0	0	420.126	0	137.952	0	68.460	9	13.000	0	7.470	0	18.700	0
2020.02.06  05:48:00	Failure	80.110	0	0	0	423.222	0	127.872	0	67.880	9	13.000	0	7.460	0	18.700	0
2020.02.06  05:49:00	Failure	78.336	0	0	0	415.082	0	121.254	0	68.140	9	13.100	0	7.460	0	18.700	0
2020.02.06  05:50:00	Failure	77.771	0	0	0	423.403	0	128.402	0	68.480	9	13.100	0	7.460	0	18.700	0
2020.02.06  05:51:00	Failure	79.559	0	0	0	416.747	0	130.307	0	68.150	9	13.100	0	7.450	0	18.700	0
2020.02.06  05:52:00	Failure	77.193	0	0	0	426.803	0	138.724	0	67.810	9	13.100	0	7.450	0	18.700	0
2020.02.06  05:53:00	Failure	76.922	0	0	0	411.909	0	134.131	0	68.510	9	13.000	0	7.460	0	18.700	0
2020.02.06  05:54:00	Failure	78.052	0	0	0	424.275	0	134.406	0	68.360	9	13.100	0	7.450	0	18.700	0
2020.02.06  05:55:00	Failure	80.808	0	0	0	428.359	0	127.044	0	68.360	9	13.200	0	7.440	0	18.700	0
2020.02.06  05:56:00	Failure	74.107	0	0	0	418.414	0	127.357	0	68.200	9	13.000	0	7.460	0	18.700	0
2020.02.06  05:57:00	Failure	76.611	0	0	0	417.874	0	127.870	0	68.190	9	13.100	0	7.450	0	18.700	0
2020.02.06  05:58:00	Failure	153.094	0	0	0	496.947	0	130.520	0	68.340	9	13.100	0	7.440	0	18.700	0
2020.02.06  05:59:00	Failure	78.496	0	0	0	426.040	0	131.252	0	68.500	9	13.100	0	7.450	0	18.700	0
2020.02.06  06:00:00	Failure	78.094	0	0	0	422.400	0	130.868	0	68.070	9	13.100	0	7.440	0	18.700	0
2020.02.06  06:01:00	Failure	75.768	0	0	0	411.290	0	137.340	0	68.170	9	13.200	0	7.440	0	18.700	0
2020.02.06  06:02:00	Failure	77.863	0	0	0	419.734	0	134.192	0	68.250	9	13.000	0	7.450	0	18.700	0
2020.02.06  06:03:00	Failure	78.797	0	0	0	424.659	0	141.913	0	67.920	9	13.100	0	7.440	0	18.700	0
2020.02.06  06:04:00	Failure	79.107	0	0	0	423.887	0	125.620	0	67.870	9	13.100	0	7.440	0	18.700	0
2020.02.06  06:05:00	Failure	75.549	0	0	0	419.969	0	131.207	0	68.140	9	13.000	0	7.440	0	18.700	0
2020.02.06  06:06:00	Failure	77.919	0	0	0	416.734	0	135.260	0	68.400	9	13.100	0	7.430	0	18.700	0
2020.02.06  06:07:00	Failure	78.856	0	0	0	418.536	0	120.563	0	68.600	9	13.200	0	7.430	0	18.700	0
2020.02.06  06:08:00	Failure	78.848	0	0	0	423.345	0	140.659	0	68.350	9	13.100	0	7.450	0	18.700	0
2020.02.06  06:09:00	Failure	80.340	0	0	0	422.816	0	120.412	0	67.860	9	13.000	0	7.430	0	18.700	0
2020.02.06  06:10:00	Failure	78.918	0	0	0	421.454	0	138.060	0	67.980	9	13.100	0	7.430	0	18.700	0
2020.02.06  06:11:00	Failure	76.898	0	0	0	407.899	0	120.302	0	68.250	9	13.000	0	7.440	0	18.700	0
2020.02.06  06:12:00	Failure	77.313	0	0	0	418.557	0	129.149	0	68.070	9	13.100	0	7.430	0	18.700	0
2020.02.06  06:13:00	Failure	81.313	0	0	0	424.196	0	130.149	0	67.770	9	13.100	0	7.420	0	18.700	0
2020.02.06  06:14:00	Failure	73.596	0	0	0	417.203	0	132.887	0	68.220	9	13.100	0	7.420	0	18.700	0
2020.02.06  06:15:00	Failure	76.584	0	0	0	417.672	0	133.018	0	68.450	9	13.200	0	7.400	0	18.700	0
2020.02.06  06:16:00	Failure	78.339	0	0	0	425.295	0	152.080	0	68.370	9	13.300	0	7.400	0	18.700	0
2020.02.06  06:17:00	Failure	77.794	0	0	0	417.128	0	129.932	0	68.500	9	13.100	0	7.420	0	18.700	0
2020.02.06  06:18:00	Failure	76.011	0	0	0	422.659	0	130.318	0	68.000	9	13.100	0	7.410	0	18.700	0
2020.02.06  06:19:00	Failure	80.350	0	0	0	422.416	0	139.785	0	68.020	9	13.100	0	7.410	0	18.700	0
2020.02.06  06:20:00	Failure	77.718	0	0	0	426.785	0	135.162	0	67.700	9	13.000	0	7.430	0	18.700	0
2020.02.06  06:21:00	Failure	79.171	0	0	0	428.181	0	136.480	0	67.740	9	13.100	0	7.420	0	18.700	0
2020.02.06  06:22:00	Failure	82.635	0	0	0	426.432	0	127.628	0	67.300	9	13.000	0	7.420	0	18.700	0
2020.02.06  06:23:00	Failure	76.005	0	0	0	422.042	0	148.429	0	67.440	9	13.000	0	7.430	0	18.700	0
2020.02.06  06:24:00	Failure	82.303	0	0	0	430.637	0	125.402	0	67.300	9	13.000	0	7.420	0	18.700	0
2020.02.06  06:25:00	Failure	85.143	0	0	0	428.390	0	121.920	0	66.810	9	13.000	0	7.420	0	18.700	0
2020.02.06  06:26:00	Failure	82.188	0	0	0	426.317	0	137.461	0	67.030	9	13.000	0	7.430	0	18.700	0
2020.02.06  06:27:00	Failure	86.714	0	0	0	437.964	0	143.292	0	67.250	9	13.100	0	7.420	0	18.700	0
2020.02.06  06:28:00	Failure	79.116	0	0	0	427.181	0	132.440	0	67.360	9	13.200	0	7.410	0	18.700	0
2020.02.06  06:29:00	Failure	76.980	0	0	0	424.215	0	135.210	0	67.740	9	13.000	0	7.420	0	18.700	0
2020.02.06  06:30:00	Failure	78.795	0	0	0	421.370	0	144.028	0	67.840	9	13.100	0	7.410	0	18.700	0
2020.02.06  06:31:00	Failure	78.861	0	0	0	433.685	0	131.690	0	67.950	9	13.200	0	7.410	0	18.700	0
2020.02.06  06:32:00	Failure	77.015	0	0	0	422.266	0	130.196	0	67.960	9	13.100	0	7.420	0	18.700	0
2020.02.06  06:33:00	Failure	78.280	0	0	0	420.609	0	135.396	0	67.930	9	13.200	0	7.410	0	18.700	0
2020.02.06  06:34:00	Failure	81.434	0	0	0	425.677	0	133.405	0	67.450	9	13.100	0	7.420	0	18.700	0
2020.02.06  06:35:00	Failure	77.423	0	0	0	421.784	0	134.179	0	67.710	9	13.000	0	7.430	0	18.700	0
2020.02.06  06:36:00	Failure	79.524	0	0	0	426.272	0	124.270	0	67.630	9	13.100	0	7.420	0	18.700	0
2020.02.06  06:37:00	Failure	79.644	0	0	0	429.951	0	142.216	0	67.630	9	13.100	0	7.420	0	18.700	0
2020.02.06  06:38:00	Failure	78.270	0	0	0	414.712	0	115.594	0	67.530	9	12.900	0	7.430	0	18.700	0
2020.02.06  06:39:00	Failure	78.795	0	0	0	425.910	0	142.813	0	67.700	9	13.100	0	7.420	0	18.700	0
2020.02.06  06:40:00	Failure	81.632	0	0	0	428.922	0	118.669	0	67.800	9	13.100	0	7.420	0	18.700	0
2020.02.06  06:41:00	Failure	77.567	0	0	0	414.897	0	139.600	0	67.980	9	13.000	0	7.430	0	18.700	0
2020.02.06  06:42:00	Failure	79.618	0	0	0	422.122	0	130.754	0	67.590	9	13.000	0	7.420	0	18.700	0
2020.02.06  06:43:00	Failure	78.635	0	0	0	425.347	0	136.832	0	67.840	9	13.100	0	7.410	0	18.700	0
2020.02.06  06:44:00	Failure	75.715	0	0	0	418.806	0	128.899	0	67.920	9	13.000	0	7.430	0	18.700	0
2020.02.06  06:45:00	Failure	77.424	0	0	0	421.493	0	118.592	0	67.890	9	13.100	0	7.410	0	18.700	0
2020.02.06  06:46:00	Failure	79.365	0	0	0	417.785	0	140.636	0	67.670	9	13.000	0	7.410	0	18.700	0
2020.02.06  06:47:00	Failure	76.509	0	0	0	422.466	0	127.141	0	67.770	9	13.000	0	7.420	0	18.700	0
2020.02.06  06:48:00	Failure	80.660	0	0	0	419.157	0	137.882	0	67.680	9	13.100	0	7.410	0	18.700	0
2020.02.06  06:49:00	Failure	77.912	0	0	0	424.002	0	147.933	0	67.630	9	13.100	0	7.400	0	18.700	0
2020.02.06  06:50:00	Failure	78.976	0	0	0	418.823	0	139.769	0	67.860	9	13.000	0	7.410	0	18.700	0
2020.02.06  06:51:00	Failure	78.635	0	0	0	426.381	0	131.816	0	67.450	9	13.000	0	7.410	0	18.600	0
2020.02.06  06:52:00	Failure	78.439	0	0	0	420.222	0	132.153	0	67.530	9	13.100	0	7.400	0	18.600	0
2020.02.06  06:53:00	Failure	77.511	0	0	0	424.422	0	130.008	0	67.660	9	12.900	0	7.410	0	18.700	0
2020.02.06  06:54:00	Failure	84.047	0	0	0	432.135	0	136.214	0	67.360	9	13.000	0	7.400	0	18.600	0
2020.02.06  06:55:00	Failure	82.248	0	0	0	414.793	0	124.226	0	67.070	9	13.000	0	7.400	0	18.700	0
2020.02.06  06:56:00	Failure	80.485	0	0	0	427.541	0	123.002	0	67.570	9	12.900	0	7.400	0	18.600	0
2020.02.06  06:57:00	Failure	75.788	0	0	0	422.563	0	124.258	0	67.710	9	13.000	0	7.390	0	18.600	0
2020.02.06  06:58:00	Failure	80.013	0	0	0	425.627	0	142.392	0	67.670	9	13.100	0	7.390	0	18.600	0
2020.02.06  06:59:00	Failure	80.418	0	0	0	430.856	0	137.824	0	67.750	9	13.000	0	7.400	0	18.600	0
2020.02.06  07:00:00	Failure	78.728	0	0	0	431.200	0	123.816	0	67.330	9	13.000	0	7.390	0	18.600	0
2020.02.06  07:01:00	Failure	81.957	0	0	0	423.824	0	122.083	0	67.220	9	13.000	0	7.390	0	18.600	0
2020.02.06  07:02:00	Failure	74.081	0	0	0	417.014	0	130.249	0	67.460	9	13.000	0	7.400	0	18.600	0
2020.02.06  07:03:00	Failure	81.439	0	0	0	431.883	0	129.216	0	67.340	9	13.100	0	7.390	0	18.600	0
2020.02.06  07:04:00	Failure	79.242	0	0	0	432.793	0	132.177	0	67.280	9	13.100	0	7.390	0	18.600	0
2020.02.06  07:05:00	Failure	78.103	0	0	0	428.827	0	141.270	0	67.330	9	12.900	0	7.400	0	18.600	0
2020.02.06  07:06:00	Failure	77.349	0	0	0	431.741	0	123.320	0	67.260	9	13.100	0	7.380	0	18.600	0
2020.02.06  07:07:00	Failure	80.181	0	0	0	416.690	0	124.579	0	67.300	9	13.100	0	7.380	0	18.600	0
2020.02.06  07:08:00	Failure	83.779	0	0	0	439.231	0	123.020	0	67.370	9	13.000	0	7.400	0	18.600	0
2020.02.06  07:09:00	Failure	81.996	0	0	0	430.830	0	120.056	0	66.940	9	13.000	0	7.380	0	18.600	0
2020.02.06  07:10:00	Failure	79.180	0	0	0	424.899	0	138.895	0	66.810	9	13.000	0	7.380	0	18.600	0
2020.02.06  07:11:00	Failure	78.150	0	0	0	422.279	0	138.757	0	67.360	9	13.000	0	7.390	0	18.600	0
2020.02.06  07:12:00	Failure	80.371	0	0	0	426.574	0	130.638	0	67.220	9	13.000	0	7.370	0	18.600	0
2020.02.06  07:13:00	Failure	79.701	0	0	0	423.495	0	130.228	0	66.910	9	13.000	0	7.370	0	18.600	0
2020.02.06  07:14:00	Failure	76.410	0	0	0	417.863	0	120.275	0	66.880	9	12.900	0	7.370	0	18.600	0
2020.02.06  07:15:00	Failure	76.930	0	0	0	421.823	0	140.471	0	67.230	9	13.100	0	7.350	0	18.600	0
2020.02.06  07:16:00	Failure	80.922	0	0	0	425.256	0	131.122	0	67.230	9	13.200	0	7.350	0	18.600	0
2020.02.06  07:17:00	Failure	79.290	0	0	0	428.860	0	128.548	0	67.120	9	13.000	0	7.370	0	18.600	0
2020.02.06  07:18:00	Failure	80.766	0	0	0	420.531	0	142.365	0	66.510	9	13.000	0	7.360	0	18.600	0
2020.02.06  07:19:00	Failure	79.629	0	0	0	416.991	0	139.601	0	66.510	9	13.000	0	7.360	0	18.500	0
2020.02.06  07:20:00	Failure	78.405	0	0	0	422.095	0	122.625	0	66.340	9	12.900	0	7.370	0	18.600	0
2020.02.06  07:21:00	Failure	83.076	0	0	0	422.635	0	131.141	0	66.200	9	13.000	0	7.360	0	18.500	0
2020.02.06  07:22:00	Failure	82.538	0	0	0	426.235	0	133.159	0	66.090	9	13.000	0	7.360	0	18.500	0
2020.02.06  07:23:00	Failure	79.535	0	0	0	428.804	0	126.385	0	65.670	9	12.700	0	7.370	0	18.500	0
2020.02.06  07:24:00	Failure	86.097	0	0	0	441.163	0	132.114	0	65.700	9	12.900	0	7.360	0	18.500	0
2020.02.06  07:25:00	Failure	81.158	0	0	0	427.072	0	130.024	0	65.790	9	13.000	0	7.350	0	18.500	0
2020.02.06  07:26:00	Failure	79.619	0	0	0	422.916	0	130.719	0	65.830	9	12.900	0	7.370	0	18.500	0
2020.02.06  07:27:00	Failure	80.961	0	0	0	418.402	0	130.963	0	65.730	9	13.000	0	7.360	0	18.500	0
2020.02.06  07:28:00	Failure	85.529	0	0	0	425.423	0	123.617	0	65.700	9	13.000	0	7.350	0	18.500	0
2020.02.06  07:29:00	Failure	80.712	0	0	0	425.068	0	126.472	0	66.110	9	12.900	0	7.360	0	18.500	0
2020.02.06  07:30:00	Failure	84.021	0	0	0	432.494	0	128.291	0	66.330	9	13.000	0	7.360	0	18.500	0
2020.02.06  07:31:00	Failure	82.015	0	0	0	430.653	0	128.182	0	66.280	9	13.000	0	7.350	0	18.500	0
2020.02.06  07:32:00	Failure	77.403	0	0	0	423.317	0	128.013	0	66.360	9	12.900	0	7.360	0	18.500	0
2020.02.06  07:33:00	Failure	80.107	0	0	0	423.556	0	131.873	0	65.840	9	12.900	0	7.350	0	18.500	0
2020.02.06  07:34:00	Failure	82.843	0	0	0	430.481	0	131.526	0	65.750	9	13.000	0	7.350	0	18.500	0
2020.02.06  07:35:00	Failure	79.204	0	0	0	424.213	0	125.091	0	66.160	9	12.900	0	7.370	0	18.400	0
2020.02.06  07:36:00	Failure	80.673	0	0	0	430.410	0	134.499	0	66.050	9	13.000	0	7.360	0	18.400	0
2020.02.06  07:37:00	Failure	80.190	0	0	0	423.987	0	129.223	0	66.070	9	13.000	0	7.360	0	18.400	0
2020.02.06  07:38:00	Failure	77.580	0	0	0	426.544	0	114.371	0	66.060	9	12.900	0	7.360	0	18.400	0
2020.02.06  07:39:00	Failure	81.103	0	0	0	429.245	0	134.084	0	65.950	9	12.900	0	7.350	0	18.400	0
2020.02.06  07:40:00	Failure	80.461	0	0	0	426.163	0	126.433	0	66.100	9	13.000	0	7.350	0	18.400	0
2020.02.06  07:41:00	Failure	75.992	0	0	0	410.847	0	129.499	0	66.120	9	12.800	0	7.360	0	18.400	0
2020.02.06  07:42:00	Failure	80.042	0	0	0	431.968	0	134.276	0	65.890	9	13.000	0	7.350	0	18.400	0
2020.02.06  07:43:00	Failure	81.076	0	0	0	433.004	0	120.126	0	65.350	9	12.900	0	7.350	0	18.400	0
2020.02.06  07:44:00	Failure	74.995	0	0	0	419.920	0	127.092	0	65.860	9	12.900	0	7.350	0	18.300	0
2020.02.06  07:45:00	Failure	83.059	0	0	0	429.384	0	130.103	0	65.880	9	12.900	0	7.340	0	18.300	0
2020.02.06  07:46:00	Failure	80.729	0	0	0	422.281	0	129.464	0	65.970	9	13.000	0	7.330	0	18.300	0
2020.02.06  07:47:00	Failure	79.252	0	0	0	426.349	0	140.873	0	65.940	9	12.800	0	7.340	0	18.300	0
2020.02.06  07:48:00	Failure	82.546	0	0	0	427.225	0	127.771	0	65.720	9	12.900	0	7.330	0	18.300	0
2020.02.06  07:49:00	Failure	79.963	0	0	0	436.734	0	136.989	0	65.900	9	13.000	0	7.330	0	18.300	0
2020.02.06  07:50:00	Failure	81.795	0	0	0	433.433	0	132.966	0	66.060	9	12.900	0	7.330	0	18.200	0
2020.02.06  07:51:00	Failure	83.797	0	0	0	433.056	0	143.216	0	65.820	9	12.900	0	7.320	0	18.200	0
2020.02.06  07:52:00	Failure	82.674	0	0	0	434.571	0	129.991	0	65.580	9	12.900	0	7.320	0	18.200	0
2020.02.06  07:53:00	Failure	82.379	0	0	0	437.842	0	125.193	0	65.590	9	12.700	0	7.330	0	18.200	0
2020.02.06  07:54:00	Failure	79.360	0	0	0	433.579	0	130.885	0	65.480	9	12.900	0	7.320	0	18.200	0
2020.02.06  07:55:00	Failure	85.330	0	0	0	442.523	0	135.090	0	65.280	9	12.900	0	7.320	0	18.200	0
2020.02.06  07:56:00	Failure	83.761	0	0	0	430.216	0	123.862	0	65.570	9	12.800	0	7.330	0	18.100	0
2020.02.06  07:57:00	Failure	85.466	0	0	0	446.126	0	122.791	0	65.170	9	12.800	0	7.320	0	18.100	0
2020.02.06  07:58:00	Failure	83.234	0	0	0	439.831	0	123.268	0	65.000	9	12.800	0	7.310	0	18.100	0
2020.02.06  07:59:00	Failure	79.978	0	0	0	441.156	0	138.950	0	65.490	9	12.700	0	7.320	0	18.100	0
2020.02.06  08:00:00	Failure	83.261	0	0	0	445.630	0	144.111	0	65.350	9	12.800	0	7.310	0	18.100	0
2020.02.06  08:01:00	Failure	85.537	0	0	0	443.110	0	124.769	0	65.170	9	12.800	0	7.310	0	18.000	0
2020.02.06  08:02:00	Failure	81.341	0	0	0	432.517	0	135.388	0	65.530	9	12.800	0	7.320	0	18.000	0
2020.02.06  08:03:00	Failure	84.981	0	0	0	445.598	0	132.953	0	65.200	9	12.800	0	7.310	0	18.000	0
2020.02.06  08:04:00	Failure	83.984	0	0	0	442.794	0	137.413	0	65.280	9	12.800	0	7.300	0	18.000	0
2020.02.06  08:05:00	Failure	85.622	0	0	0	441.378	0	114.953	0	65.400	9	12.700	0	7.320	0	17.900	0
2020.02.06  08:06:00	Failure	86.745	0	0	0	462.157	0	132.836	0	65.130	9	12.800	0	7.310	0	17.900	0
2020.02.06  08:07:00	Failure	87.774	0	0	0	454.738	0	145.556	0	65.230	9	12.900	0	7.300	0	17.900	0
2020.02.06  08:08:00	Failure	87.064	0	0	0	449.426	0	129.158	0	65.200	9	12.700	0	7.320	0	17.900	0
2020.02.06  08:09:00	Failure	87.937	0	0	0	453.003	0	122.752	0	65.160	9	12.800	0	7.300	0	17.900	0
2020.02.06  08:10:00	Failure	86.986	0	0	0	452.398	0	141.375	0	65.100	9	12.800	0	7.300	0	17.800	0
2020.02.06  08:11:00	Failure	90.934	0	0	0	453.316	0	124.015	0	65.310	9	12.600	0	7.320	0	17.800	0
2020.02.06  08:12:00	Failure	88.397	0	0	0	451.162	0	136.213	0	65.080	9	12.800	0	7.310	0	17.800	0
2020.02.06  08:13:00	Failure	90.884	0	0	0	462.862	0	132.560	0	64.930	9	12.800	0	7.310	0	17.800	0
2020.02.06  08:14:00	Failure	83.845	0	0	0	457.088	0	131.949	0	65.110	9	12.600	0	7.300	0	17.800	0
2020.02.06  08:15:00	Failure	84.268	0	0	0	451.562	0	133.381	0	65.230	9	12.800	0	7.290	0	17.800	0
2020.02.06  08:16:00	Failure	84.517	0	0	0	453.105	0	147.616	0	65.120	9	12.800	0	7.280	0	17.800	0
2020.02.06  08:17:00	Failure	85.344	0	0	0	461.166	0	125.611	0	65.100	9	12.700	0	7.300	0	17.800	0
2020.02.06  08:18:00	Failure	87.517	0	0	0	462.823	0	142.396	0	64.470	9	12.700	0	7.290	0	17.700	0
2020.02.06  08:19:00	Failure	92.702	0	0	0	462.821	0	130.268	0	63.830	9	12.700	0	7.300	0	17.700	0
2020.02.06  08:20:00	Failure	88.560	0	0	0	462.756	0	127.591	0	64.340	9	12.600	0	7.310	0	17.700	0
2020.02.06  08:21:00	Failure	94.124	0	0	0	473.757	0	139.602	0	64.350	9	12.700	0	7.300	0	17.700	0
2020.02.06  08:22:00	Failure	92.032	0	0	0	480.136	0	139.966	0	64.070	9	12.700	0	7.300	0	17.600	0
2020.02.06  08:23:00	Failure	93.700	0	0	0	469.592	0	137.119	0	64.240	9	12.600	0	7.310	0	17.600	0
2020.02.06  08:24:00	Failure	95.541	0	0	0	472.451	0	129.834	0	64.160	9	12.700	0	7.300	0	17.600	0
2020.02.06  08:25:00	Failure	94.911	0	0	0	478.024	0	150.483	0	64.030	9	12.700	0	7.300	0	17.600	0
2020.02.06  08:26:00	Failure	90.943	0	0	0	470.180	0	144.522	0	64.460	9	12.600	0	7.310	0	17.600	0
2020.02.06  08:27:00	Failure	93.117	0	0	0	471.479	0	133.382	0	64.690	9	12.700	0	7.310	0	17.500	0
2020.02.06  08:28:00	Failure	99.147	0	0	0	481.479	0	127.818	0	64.630	9	12.700	0	7.300	0	17.500	0
2020.02.06  08:29:00	Failure	91.069	0	0	0	470.922	0	137.637	0	64.840	9	12.600	0	7.310	0	17.500	0
2020.02.06  08:30:00	Failure	92.727	0	0	0	479.221	0	132.246	0	64.690	9	12.700	0	7.310	0	17.500	0
2020.02.06  08:31:00	Failure	94.629	0	0	0	475.548	0	125.172	0	64.620	9	12.700	0	7.310	0	17.500	0
2020.02.06  08:32:00	Failure	91.057	0	0	0	470.243	0	135.630	0	64.660	9	12.500	0	7.320	0	17.400	0
2020.02.06  08:33:00	Failure	94.364	0	0	0	480.753	0	143.417	0	64.560	9	12.600	0	7.320	0	17.400	0
2020.02.06  08:34:00	Failure	95.070	0	0	0	475.916	0	139.753	0	64.480	9	12.600	0	7.320	0	17.400	0
2020.02.06  08:35:00	Failure	92.521	0	0	0	480.435	0	152.953	0	64.960	9	12.500	0	7.320	0	17.400	0
2020.02.06  08:36:00	Failure	91.347	0	0	0	474.027	0	143.192	0	64.920	9	12.600	0	7.310	0	17.400	0
2020.02.06  08:37:00	Failure	172.195	0	0	0	539.230	0	126.476	0	64.730	9	12.600	0	7.310	0	17.400	0
2020.02.06  08:38:00	Failure	89.108	0	0	0	459.449	0	127.558	0	65.020	9	12.600	0	7.320	0	17.400	0
2020.02.06  08:39:00	Failure	94.029	0	0	0	478.137	0	131.517	0	64.560	9	12.600	0	7.310	0	17.300	0
2020.02.06  08:40:00	Failure	92.847	0	0	0	477.199	0	152.738	0	64.290	9	12.600	0	7.310	0	17.300	0
2020.02.06  08:41:00	Failure	90.576	0	0	0	467.068	0	134.150	0	64.800	9	12.500	0	7.330	0	17.300	0
2020.02.06  08:42:00	Failure	93.102	0	0	0	478.363	0	141.667	0	64.450	9	12.600	0	7.320	0	17.300	0
2020.02.06  08:43:00	Failure	91.443	0	0	0	473.187	0	135.589	0	64.270	9	12.600	0	7.310	0	17.300	0
2020.02.06  08:44:00	Failure	87.668	0	0	0	474.801	0	153.499	0	64.930	9	12.500	0	7.320	0	17.200	0
2020.02.06  08:45:00	Failure	90.228	0	0	0	480.033	0	147.359	0	64.830	9	12.600	0	7.320	0	17.200	0
2020.02.06  08:46:00	Failure	92.906	0	0	0	469.137	0	149.624	0	64.860	9	12.600	0	7.320	0	17.200	0
2020.02.06  08:47:00	Failure	89.984	0	0	0	476.943	0	140.818	0	64.830	9	12.400	0	7.340	0	17.200	0
2020.02.06  08:48:00	Failure	92.993	0	0	0	465.401	0	139.661	0	64.840	9	12.500	0	7.330	0	17.200	0
2020.02.06  08:49:00	Failure	94.044	0	0	0	484.048	0	134.595	0	64.910	9	12.600	0	7.320	0	17.200	0
2020.02.06  08:50:00	Failure	89.469	0	0	0	472.063	0	139.267	0	65.050	9	12.500	0	7.330	0	17.200	0
2020.02.06  08:51:00	Failure	94.892	0	0	0	480.866	0	145.123	0	64.820	9	12.600	0	7.320	0	17.200	0
2020.02.06  08:52:00	Failure	94.369	0	0	0	472.006	0	143.770	0	64.890	9	12.600	0	7.320	0	17.100	0
2020.02.06  08:53:00	Failure	86.431	0	0	0	466.006	0	142.845	0	65.050	9	12.400	0	7.340	0	17.100	0
2020.02.06  08:54:00	Failure	88.684	0	0	0	476.908	0	150.751	0	64.690	9	12.500	0	7.330	0	17.100	0
2020.02.06  08:55:00	Failure	89.466	0	0	0	469.834	0	134.808	0	64.710	9	12.500	0	7.330	0	17.100	0
2020.02.06  08:56:00	Failure	90.477	0	0	0	477.354	0	143.091	0	65.240	9	12.500	0	7.340	0	17.100	0
2020.02.06  08:57:00	Failure	94.190	0	0	0	486.949	0	145.500	0	65.150	9	12.500	0	7.340	0	17.100	0
2020.02.06  08:58:00	Failure	94.931	0	0	0	485.444	0	142.424	0	65.300	9	12.500	0	7.330	0	17.100	0
2020.02.06  08:59:00	Failure	90.874	0	0	0	471.310	0	127.264	0	65.240	9	12.300	0	7.360	0	17.000	0
2020.02.06  09:00:00	Failure	91.245	0	0	0	476.694	0	141.028	0	64.940	9	12.500	0	7.350	0	17.000	0
2020.02.06  09:01:00	Failure	87.942	0	0	0	476.918	0	126.771	0	64.810	9	12.500	0	7.350	0	17.000	0
2020.02.06  09:02:00	Failure	85.857	0	0	0	470.625	0	144.160	0	64.910	9	12.300	0	7.360	0	17.000	0
2020.02.06  09:03:00	Failure	87.406	0	0	0	477.714	0	142.773	0	64.770	9	12.400	0	7.360	0	17.000	0
2020.02.06  09:04:00	Failure	90.244	0	0	0	478.782	0	144.027	0	64.900	9	12.500	0	7.350	0	17.000	0
2020.02.06  09:05:00	Failure	91.829	0	0	0	463.823	0	139.202	0	65.300	9	12.400	0	7.370	0	17.000	0
2020.02.06  09:06:00	Failure	91.505	0	0	0	475.332	0	149.993	0	65.120	9	12.400	0	7.360	0	16.900	0
2020.02.06  09:07:00	Failure	88.828	0	0	0	471.296	0	146.338	0	65.040	9	12.500	0	7.360	0	16.900	0
2020.02.06  09:08:00	Failure	88.696	0	0	0	471.238	0	138.674	0	65.280	9	12.400	0	7.380	0	16.900	0
2020.02.06  09:09:00	Failure	85.813	0	0	0	471.924	0	146.005	0	65.110	9	12.400	0	7.370	0	16.900	0
2020.02.06  09:10:00	Failure	88.803	0	0	0	473.635	0	150.942	0	64.750	9	12.400	0	7.380	0	16.900	0
2020.02.06  09:11:00	Failure	92.011	0	0	0	480.238	0	141.712	0	65.130	9	12.200	0	7.390	0	16.900	0
2020.02.06  09:12:00	Failure	88.484	0	0	0	468.443	0	145.927	0	65.280	9	12.400	0	7.380	0	16.900	0
2020.02.06  09:13:00	Failure	90.889	0	0	0	479.116	0	157.149	0	65.320	9	12.400	0	7.380	0	16.900	0
2020.02.06  09:14:00	Failure	87.155	0	0	0	472.463	0	143.266	0	65.720	9	12.300	0	7.390	0	16.900	0
2020.02.06  09:15:00	Failure	85.810	0	0	0	462.629	0	136.027	0	66.030	9	12.400	0	7.370	0	16.900	0
2020.02.06  09:16:00	Failure	88.616	0	0	0	473.190	0	147.864	0	66.140	9	12.400	0	7.370	0	16.900	0
2020.02.06  09:17:00	Failure	88.796	0	0	0	471.224	0	140.605	0	65.890	9	12.300	0	7.390	0	16.900	0
2020.02.06  09:18:00	Failure	91.330	0	0	0	475.210	0	150.176	0	65.550	9	12.300	0	7.390	0	16.900	0
2020.02.06  09:19:00	Failure	91.284	0	0	0	483.315	0	156.143	0	65.320	9	12.300	0	7.400	0	16.900	0
2020.02.06  09:20:00	Failure	85.500	0	0	0	466.793	0	144.848	0	65.210	9	12.200	0	7.420	0	16.800	0
2020.02.06  09:21:00	Failure	88.487	0	0	0	474.724	0	163.343	0	65.450	9	12.200	0	7.420	0	16.800	0
2020.02.06  09:22:00	Failure	95.230	0	0	0	477.251	0	143.315	0	65.620	9	12.300	0	7.420	0	16.800	0
2020.02.06  09:23:00	Failure	88.368	0	0	0	469.535	0	147.981	0	65.900	9	12.200	0	7.430	0	16.800	0
2020.02.06  09:24:00	Failure	92.989	0	0	0	468.269	0	144.217	0	65.960	9	12.300	0	7.430	0	16.800	0
2020.02.06  09:25:00	Failure	95.663	0	0	0	477.002	0	149.182	0	65.780	9	12.300	0	7.430	0	16.800	0
2020.02.06  09:26:00	Failure	89.584	0	0	0	479.545	0	138.552	0	65.820	9	12.100	0	7.450	0	16.800	0
2020.02.06  09:27:00	Failure	89.364	0	0	0	479.846	0	159.750	0	65.660	9	12.200	0	7.450	0	16.800	0
2020.02.06  09:28:00	Failure	88.130	0	0	0	466.028	0	144.621	0	65.720	9	12.200	0	7.460	0	16.800	0
2020.02.06  09:29:00	Failure	89.386	0	0	0	486.496	0	156.636	0	65.970	9	12.100	0	7.480	0	16.700	0
2020.02.06  09:30:00	Failure	89.576	0	0	0	483.032	0	155.162	0	65.940	9	12.100	0	7.490	0	16.700	0
2020.02.06  09:31:00	Failure	89.051	0	0	0	477.402	0	163.837	0	65.910	9	12.100	0	7.490	0	16.700	0
2020.02.06  09:32:00	Failure	86.959	0	0	0	481.908	0	145.848	0	66.180	9	12.000	0	7.510	0	16.700	0
2020.02.06  09:33:00	Failure	95.019	0	0	0	483.121	0	149.579	0	66.310	9	12.100	0	7.510	0	16.700	0
2020.02.06  09:34:00	Failure	92.205	0	0	0	482.384	0	156.570	0	66.400	9	12.100	0	7.510	0	16.700	0
2020.02.06  09:35:00	Failure	88.435	0	0	0	477.823	0	155.300	0	66.330	9	11.900	0	7.530	0	16.700	0
2020.02.06  09:36:00	Failure	90.321	0	0	0	474.031	0	153.162	0	66.580	9	12.000	0	7.530	0	16.700	0
2020.02.06  09:37:00	Failure	92.439	0	0	0	487.789	0	168.054	0	66.770	9	12.000	0	7.530	0	16.700	0
2020.02.06  09:38:00	Failure	87.544	0	0	0	482.326	0	161.000	0	66.970	9	11.900	0	7.550	0	16.700	0
2020.02.06  09:39:00	Failure	85.996	0	0	0	476.721	0	158.537	0	67.270	9	12.000	0	7.540	0	16.700	0
2020.02.06  09:40:00	Failure	94.961	0	0	0	488.164	0	151.910	0	67.330	9	12.000	0	7.540	0	16.700	0
2020.02.06  09:41:00	Failure	90.431	0	0	0	487.067	0	146.948	0	67.090	9	11.800	0	7.570	0	16.700	0
2020.02.06  09:42:00	Failure	137.625	0	0	0	527.774	0	152.883	0	67.130	9	11.900	0	7.570	0	16.700	0
2020.02.06  09:43:00	Failure	146.086	0	0	0	536.523	0	142.834	0	67.070	9	11.900	0	7.570	0	16.700	0
2020.02.06  09:44:00	Failure	89.564	0	0	0	489.387	0	155.099	0	67.490	9	11.800	0	7.590	0	16.700	0
2020.02.06  09:45:00	Failure	91.703	0	0	0	482.645	0	142.516	0	67.730	9	11.900	0	7.580	0	16.700	0
2020.02.06  09:46:00	Failure	90.581	0	0	0	483.952	0	160.897	0	67.880	9	11.900	0	7.590	0	16.700	0
2020.02.06  09:47:00	Failure	88.369	0	0	0	477.463	0	145.607	0	67.800	9	11.700	0	7.610	0	16.700	0
2020.02.06  09:48:00	Failure	90.044	0	0	0	485.114	0	171.941	0	67.790	9	11.800	0	7.610	0	16.700	0
2020.02.06  09:49:00	Failure	91.530	0	0	0	486.371	0	170.066	0	67.420	9	11.800	0	7.610	0	16.700	0
2020.02.06  09:50:00	Failure	86.762	0	0	0	485.176	0	167.311	0	67.790	9	11.600	0	7.630	0	16.700	0
2020.02.06  09:51:00	Failure	88.281	0	0	0	497.647	0	166.363	0	67.760	9	11.700	0	7.620	0	16.700	0
2020.02.06  09:52:00	Failure	92.847	0	0	0	488.103	0	155.838	0	68.170	9	11.800	0	7.620	0	16.700	0
2020.02.06  09:53:00	Failure	85.294	0	0	0	482.703	0	163.021	0	68.280	9	11.700	0	7.650	0	16.700	0
2020.02.06  09:54:00	Failure	89.098	0	0	0	489.597	0	160.206	0	68.520	9	11.700	0	7.650	0	16.700	0
2020.02.06  09:55:00	Failure	90.834	0	0	0	479.235	0	164.703	0	68.780	9	11.800	0	7.650	0	16.700	0
2020.02.06  09:56:00	Failure	88.875	0	0	0	484.326	0	160.458	0	68.790	9	11.600	0	7.670	0	16.700	0
2020.02.06  09:57:00	Failure	91.610	0	0	0	507.561	0	164.035	0	68.880	9	11.700	0	7.660	0	16.700	0
2020.02.06  09:58:00	Failure	90.924	0	0	0	491.274	0	177.222	0	69.110	9	11.800	0	7.660	0	16.700	0
2020.02.06  09:59:00	Failure	88.623	0	0	0	491.219	0	168.416	0	67.960	9	11.500	0	7.690	0	16.800	0
2020.02.06  10:00:00	Failure	88.326	0	0	0	494.793	0	179.033	0	68.570	9	11.700	0	7.690	0	16.800	0
2020.02.06  10:01:00	Failure	92.434	0	0	0	498.496	0	172.661	0	69.100	9	11.700	0	7.680	0	16.700	0
2020.02.06  10:02:00	Failure	90.521	0	0	0	490.448	0	170.116	0	68.520	9	11.600	0	7.700	0	16.800	0
2020.02.06  10:03:00	Failure	92.644	0	0	0	485.759	0	153.717	0	68.720	9	11.700	0	7.700	0	16.800	0
2020.02.06  10:04:00	Failure	93.101	0	0	0	486.702	0	178.624	0	68.920	9	11.700	0	7.690	0	16.800	0
2020.02.06  10:05:00	Failure	91.136	0	0	0	495.534	0	166.429	0	68.890	9	11.500	0	7.720	0	16.800	0
2020.02.06  10:06:00	Failure	91.615	0	0	0	493.263	0	165.908	0	69.100	9	11.600	0	7.710	0	16.800	0
2020.02.06  10:07:00	Failure	92.024	0	0	0	491.654	0	172.015	0	69.230	9	11.700	0	7.710	0	16.800	0
2020.02.06  10:08:00	Failure	87.244	0	0	0	484.778	0	158.961	0	69.040	9	11.500	0	7.720	0	16.800	0
2020.02.06  10:09:00	Failure	87.723	0	0	0	491.341	0	145.575	0	69.070	9	11.600	0	7.720	0	16.800	0
2020.02.06  10:10:00	Failure	89.960	0	0	0	482.455	0	175.213	0	69.350	9	11.600	0	7.720	0	16.800	0
2020.02.06  10:11:00	Failure	90.741	0	0	0	491.700	0	162.400	0	69.340	9	11.500	0	7.730	0	16.800	0
2020.02.06  10:12:00	Failure	91.333	0	0	0	503.044	0	163.186	0	69.700	9	11.600	0	7.720	0	16.800	0
2020.02.06  10:13:00	Failure	93.654	0	0	0	497.286	0	165.326	0	69.880	9	11.700	0	7.720	0	16.800	0
2020.02.06  10:14:00	Failure	88.921	0	0	0	502.128	0	172.096	0	69.620	9	11.500	0	7.720	0	16.800	0
2020.02.06  10:15:00	Failure	88.723	0	0	0	488.143	0	164.377	0	70.260	9	11.700	0	7.690	0	16.800	0
2020.02.06  10:16:00	Failure	90.434	0	0	0	498.944	0	185.758	0	69.990	9	11.700	0	7.690	0	16.900	0
2020.02.06  10:17:00	Failure	89.705	0	0	0	483.913	0	165.092	0	69.640	9	11.600	0	7.710	0	16.900	0
2020.02.06  10:18:00	Failure	89.649	0	0	0	499.331	0	178.566	0	69.960	9	11.700	0	7.710	0	16.900	0
2020.02.06  10:19:00	Failure	89.040	0	0	0	493.396	0	166.218	0	69.890	9	11.700	0	7.710	0	16.900	0
2020.02.06  10:20:00	Failure	95.754	0	0	0	500.602	0	168.609	0	69.510	9	11.500	0	7.730	0	16.900	0
2020.02.06  10:21:00	Failure	97.093	0	0	0	493.700	0	177.388	0	69.860	9	11.600	0	7.720	0	16.800	0
2020.02.06  10:22:00	Failure	92.821	0	0	0	499.309	0	173.602	0	70.110	9	11.700	0	7.720	0	16.900	0
2020.02.06  10:23:00	Failure	85.158	0	0	0	488.485	0	177.798	0	70.020	9	11.600	0	7.740	0	16.800	0
2020.02.06  10:24:00	Failure	95.709	0	0	0	501.223	0	173.031	0	70.060	9	11.600	0	7.730	0	16.800	0
2020.02.06  10:25:00	Failure	92.879	0	0	0	491.202	0	164.477	0	70.420	9	11.700	0	7.730	0	16.800	0
2020.02.06  10:26:00	Failure	90.017	0	0	0	487.704	0	158.320	0	70.300	9	11.600	0	7.750	0	16.800	0
2020.02.06  10:27:00	Failure	92.333	0	0	0	499.458	0	169.192	0	70.430	9	11.700	0	7.750	0	16.800	0
2020.02.06  10:28:00	Failure	92.272	0	0	0	507.809	0	171.614	0	70.280	9	11.700	0	7.750	0	16.900	0
2020.02.06  10:29:00	Failure	91.079	0	0	0	500.389	0	178.343	0	70.110	9	11.600	0	7.760	0	16.800	0
2020.02.06  10:30:00	Failure	92.843	0	0	0	501.527	0	166.035	0	70.350	9	11.600	0	7.760	0	16.900	0
2020.02.06  10:31:00	Failure	89.281	0	0	0	503.163	0	169.317	0	70.510	9	11.700	0	7.760	0	16.900	0
2020.02.06  10:32:00	Failure	88.599	0	0	0	495.794	0	173.389	0	70.410	9	11.500	0	7.780	0	16.800	0
2020.02.06  10:33:00	Failure	94.343	0	0	0	500.678	0	177.117	0	70.400	9	11.500	0	7.770	0	16.900	0
2020.02.06  10:34:00	Failure	90.620	0	0	0	505.206	0	187.823	0	70.770	9	11.600	0	7.770	0	16.900	0
2020.02.06  10:35:00	Failure	89.726	0	0	0	490.243	0	161.190	0	70.550	9	11.500	0	7.780	0	16.900	0
2020.02.06  10:36:00	Failure	89.694	0	0	0	491.917	0	162.263	0	70.700	9	11.600	0	7.770	0	16.900	0
2020.02.06  10:37:00	Failure	89.005	0	0	0	482.007	0	168.890	0	70.850	9	11.600	0	7.770	0	16.900	0
2020.02.06  10:38:00	Failure	86.765	0	0	0	483.311	0	185.648	0	70.710	9	11.500	0	7.780	0	16.900	0
2020.02.06  10:39:00	Failure	89.974	0	0	0	491.293	0	160.455	0	71.000	9	11.600	0	7.770	0	16.900	0
2020.02.06  10:40:00	Failure	87.602	0	0	0	497.693	0	176.375	0	71.150	9	11.700	0	7.770	0	16.900	0
2020.02.06  10:41:00	Failure	90.054	0	0	0	496.910	0	174.363	0	70.600	9	11.500	0	7.790	0	16.900	0
2020.02.06  10:42:00	Failure	91.559	0	0	0	492.115	0	166.473	0	70.870	9	11.600	0	7.780	0	16.900	0
2020.02.06  10:43:00	Failure	91.160	0	0	0	494.716	0	163.865	0	71.280	9	11.700	0	7.770	0	16.900	0
2020.02.06  10:44:00	Failure	91.159	0	0	0	502.267	0	169.585	0	71.240	9	11.600	0	7.790	0	16.900	0
2020.02.06  10:45:00	Failure	89.032	0	0	0	496.933	0	177.858	0	71.530	9	11.700	0	7.780	0	16.900	0
2020.02.06  10:46:00	Failure	90.871	0	0	0	493.336	0	161.603	0	71.640	9	11.700	0	7.770	0	16.900	0
2020.02.06  10:47:00	Failure	89.522	0	0	0	494.076	0	172.358	0	71.360	9	11.600	0	7.790	0	16.900	0
2020.02.06  10:48:00	Failure	87.305	0	0	0	497.885	0	168.297	0	71.620	9	11.700	0	7.780	0	16.900	0
2020.02.06  10:49:00	Failure	89.344	0	0	0	493.041	0	168.113	0	71.480	9	11.700	0	7.780	0	16.900	0
2020.02.06  10:50:00	Failure	91.241	0	0	0	492.936	0	160.009	0	71.280	9	11.600	0	7.790	0	16.900	0
2020.02.06  10:51:00	Failure	92.340	0	0	0	484.853	0	163.568	0	71.670	9	11.700	0	7.790	0	16.900	0
2020.02.06  10:52:00	Failure	88.165	0	0	0	489.765	0	175.425	0	71.760	9	11.700	0	7.790	0	16.900	0
2020.02.06  10:53:00	Failure	91.043	0	0	0	507.009	0	179.171	0	71.740	9	11.600	0	7.790	0	16.900	0
2020.02.06  10:54:00	Failure	87.332	0	0	0	485.749	0	167.753	0	71.900	9	11.700	0	7.790	0	16.900	0
2020.02.06  10:55:00	Failure	89.264	0	0	0	499.180	0	189.522	0	72.110	9	11.700	0	7.780	0	16.900	0
2020.02.06  10:56:00	Failure	91.333	0	0	0	501.759	0	177.234	0	71.870	9	11.600	0	7.800	0	16.900	0
2020.02.06  10:57:00	Failure	87.670	0	0	0	497.901	0	185.321	0	71.780	9	11.700	0	7.790	0	16.900	0
2020.02.06  10:58:00	Failure	88.916	0	0	0	503.106	0	170.546	0	72.230	9	11.800	0	7.790	0	16.900	0
2020.02.06  10:59:00	Failure	88.225	0	0	0	496.828	0	172.318	0	72.070	9	11.600	0	7.810	0	16.900	0
2020.02.06  11:00:00	Failure	91.507	0	0	0	499.396	0	175.047	0	72.350	9	11.700	0	7.800	0	16.900	0
2020.02.06  11:01:00	Failure	89.612	0	0	0	493.090	0	163.605	0	72.590	9	11.800	0	7.800	0	16.900	0
2020.02.06  11:02:00	Failure	89.097	0	0	0	493.071	0	153.139	0	72.290	9	11.600	0	7.810	0	16.900	0
2020.02.06  11:03:00	Failure	90.105	0	0	0	495.880	0	171.384	0	72.510	9	11.700	0	7.800	0	16.900	0
2020.02.06  11:04:00	Failure	90.744	0	0	0	499.791	0	180.564	0	72.240	9	11.700	0	7.800	0	16.900	0
2020.02.06  11:05:00	Failure	88.419	0	0	0	491.587	0	162.752	0	72.080	9	11.600	0	7.820	0	16.900	0
2020.02.06  11:06:00	Failure	88.194	0	0	0	493.965	0	166.236	0	72.360	9	11.700	0	7.810	0	16.900	0
2020.02.06  11:07:00	Failure	92.677	0	0	0	496.731	0	158.601	0	72.460	9	11.800	0	7.810	0	16.900	0
2020.02.06  11:08:00	Failure	88.445	0	0	0	489.531	0	158.210	0	72.220	9	11.700	0	7.820	0	16.900	0
2020.02.06  11:09:00	Failure	89.705	0	0	0	494.451	0	180.623	0	72.470	9	11.700	0	7.810	0	16.900	0
2020.02.06  11:10:00	Failure	86.574	0	0	0	484.193	0	175.427	0	72.500	9	11.800	0	7.810	0	16.900	0
2020.02.06  11:11:00	Failure	85.914	0	0	0	496.412	0	187.612	0	72.370	9	11.600	0	7.820	0	16.900	0
2020.02.06  11:12:00	Failure	89.873	0	0	0	492.375	0	182.011	0	72.840	9	11.800	0	7.820	0	16.900	0
2020.02.06  11:13:00	Failure	89.936	0	0	0	498.431	0	162.267	0	72.860	9	11.800	0	7.820	0	16.900	0
2020.02.06  11:14:00	Failure	86.781	0	0	0	492.573	0	187.714	0	72.860	9	11.700	0	7.810	0	16.900	0
2020.02.06  11:15:00	Failure	87.247	0	0	0	482.033	0	165.580	0	73.330	9	11.900	0	7.780	0	17.000	0
2020.02.06  11:16:00	Failure	88.459	0	0	0	485.698	0	173.872	0	73.410	9	12.000	0	7.770	0	17.000	0
2020.02.06  11:17:00	Failure	85.979	0	0	0	493.398	0	186.113	0	72.950	9	11.800	0	7.790	0	17.000	0
2020.02.06  11:18:00	Failure	85.145	0	0	0	491.168	0	172.167	0	72.800	9	11.800	0	7.790	0	17.000	0
2020.02.06  11:19:00	Failure	92.564	0	0	0	490.063	0	153.106	0	72.820	9	11.900	0	7.780	0	17.000	0
2020.02.06  11:20:00	Failure	89.546	0	0	0	486.777	0	172.254	0	72.560	9	11.800	0	7.810	0	17.000	0
2020.02.06  11:21:00	Failure	90.417	0	0	0	489.432	0	168.421	0	72.440	9	11.800	0	7.810	0	17.000	0
2020.02.06  11:22:00	Failure	99.327	0	0	0	499.285	0	164.295	0	72.670	9	11.800	0	7.800	0	17.000	0
2020.02.06  11:23:00	Failure	90.174	0	0	0	482.965	0	161.525	0	72.680	9	11.800	0	7.820	0	17.000	0
2020.02.06  11:24:00	Failure	94.539	0	0	0	493.323	0	171.850	0	73.090	9	11.800	0	7.810	0	17.000	0
2020.02.06  11:25:00	Failure	89.247	0	0	0	494.265	0	181.553	0	73.450	9	11.900	0	7.800	0	17.000	0
2020.02.06  11:26:00	Failure	87.214	0	0	0	494.346	0	169.504	0	73.130	9	11.800	0	7.820	0	17.000	0
2020.02.06  11:27:00	Failure	89.909	0	0	0	491.183	0	172.366	0	73.400	9	11.900	0	7.810	0	17.000	0
2020.02.06  11:28:00	Failure	91.860	0	0	0	494.666	0	156.779	0	73.190	9	11.900	0	7.810	0	17.000	0
2020.02.06  11:29:00	Failure	87.597	0	0	0	490.416	0	173.433	0	72.910	9	11.700	0	7.840	0	17.000	0
2020.02.06  11:30:00	Failure	89.696	0	0	0	493.643	0	178.626	0	73.320	9	11.800	0	7.830	0	17.000	0
2020.02.06  11:31:00	Failure	88.190	0	0	0	482.212	0	162.304	0	73.450	9	11.900	0	7.840	0	17.000	0
2020.02.06  11:32:00	Failure	86.949	0	0	0	492.921	0	171.586	0	73.280	9	11.700	0	7.850	0	17.000	0
2020.02.06  11:33:00	Failure	89.236	0	0	0	489.956	0	170.991	0	73.460	9	11.800	0	7.850	0	17.000	0
2020.02.06  11:34:00	Failure	87.026	0	0	0	495.855	0	177.789	0	73.640	9	11.800	0	7.850	0	17.000	0
2020.02.06  11:35:00	Failure	89.615	0	0	0	492.970	0	170.446	0	73.320	9	11.700	0	7.860	0	17.000	0
2020.02.06  11:36:00	Failure	90.036	0	0	0	489.763	0	179.604	0	73.690	9	11.800	0	7.850	0	17.000	0
2020.02.06  11:37:00	Failure	91.920	0	0	0	502.724	0	163.397	0	73.890	9	11.900	0	7.840	0	17.000	0
2020.02.06  11:38:00	Failure	88.580	0	0	0	487.756	0	175.392	0	73.660	9	11.700	0	7.860	0	17.000	0
2020.02.06  11:39:00	Failure	87.773	0	0	0	493.611	0	178.049	0	73.930	9	11.900	0	7.850	0	17.000	0
2020.02.06  11:40:00	Failure	88.049	0	0	0	480.737	0	164.726	0	73.980	9	11.900	0	7.850	0	17.000	0
2020.02.06  11:41:00	Failure	86.361	0	0	0	475.854	0	168.726	0	73.870	9	11.800	0	7.860	0	17.000	0
2020.02.06  11:42:00	Failure	89.752	0	0	0	495.679	0	167.905	0	74.140	9	11.900	0	7.850	0	17.000	0
2020.02.06  11:43:00	Failure	87.642	0	0	0	496.526	0	182.438	0	74.070	9	11.900	0	7.850	0	17.000	0
2020.02.06  11:44:00	Failure	86.949	0	0	0	485.133	0	172.667	0	73.910	9	11.700	0	7.860	0	17.000	0
2020.02.06  11:45:00	Failure	87.788	0	0	0	492.750	0	173.155	0	74.290	9	11.900	0	7.860	0	17.000	0
2020.02.06  11:46:00	Failure	88.631	0	0	0	490.043	0	164.631	0	74.620	9	11.900	0	7.850	0	17.000	0
2020.02.06  11:47:00	Failure	84.182	0	0	0	487.000	0	176.605	0	74.220	9	11.800	0	7.870	0	17.000	0
2020.02.06  11:48:00	Failure	89.329	0	0	0	495.412	0	177.468	0	74.440	9	11.900	0	7.860	0	17.000	0
2020.02.06  11:49:00	Failure	90.843	0	0	0	494.981	0	181.645	0	74.610	9	11.900	0	7.850	0	17.000	0
2020.02.06  11:50:00	Failure	86.324	0	0	0	480.780	0	170.193	0	74.120	9	11.800	0	7.870	0	17.000	0
2020.02.06  11:51:00	Failure	87.612	0	0	0	491.769	0	172.334	0	74.370	9	11.800	0	7.860	0	17.000	0
2020.02.06  11:52:00	Failure	85.435	0	0	0	483.761	0	176.145	0	74.700	9	12.000	0	7.860	0	17.000	0
2020.02.06  11:53:00	Failure	84.381	0	0	0	483.508	0	169.049	0	74.540	9	11.800	0	7.870	0	17.000	0
2020.02.06  11:54:00	Failure	87.199	0	0	0	486.824	0	167.560	0	74.570	9	11.900	0	7.860	0	17.000	0
2020.02.06  11:55:00	Failure	134.212	0	0	0	526.148	0	157.820	0	74.650	9	11.900	0	7.860	0	17.000	0
2020.02.06  11:56:00	Failure	87.805	0	0	0	489.273	0	175.637	0	74.500	9	11.800	0	7.880	0	17.000	0
2020.02.06  11:57:00	Failure	88.224	0	0	0	493.206	0	176.187	0	74.770	9	11.900	0	7.870	0	17.000	0
2020.02.06  11:58:00	Failure	86.954	0	0	0	489.966	0	167.000	0	74.820	9	11.900	0	7.870	0	17.100	0
2020.02.06  11:59:00	Failure	91.183	0	0	0	492.996	0	160.034	0	74.770	9	11.800	0	7.880	0	17.000	0
2020.02.06  12:00:00	Failure	86.889	0	0	0	490.677	0	174.828	0	75.030	9	11.900	0	7.870	0	17.100	0
2020.02.06  12:01:00	Failure	87.533	0	0	0	488.121	0	160.279	0	75.080	9	12.000	0	7.870	0	17.100	0
2020.02.06  12:02:00	Failure	84.340	0	0	0	492.103	0	174.484	0	74.740	9	11.800	0	7.890	0	17.100	0
2020.02.06  12:03:00	Failure	86.317	0	0	0	476.884	0	175.021	0	74.910	9	11.900	0	7.880	0	17.100	0
2020.02.06  12:04:00	Failure	85.977	0	0	0	492.548	0	187.118	0	75.050	9	11.900	0	7.880	0	17.100	0
2020.02.06  12:05:00	Failure	86.865	0	0	0	481.909	0	171.365	0	74.810	9	11.800	0	7.890	0	17.100	0
2020.02.06  12:06:00	Failure	88.464	0	0	0	488.910	0	170.920	0	75.100	9	12.000	0	7.880	0	17.100	0
2020.02.06  12:07:00	Failure	88.375	0	0	0	482.220	0	176.565	0	75.210	9	12.000	0	7.880	0	17.100	0
2020.02.06  12:08:00	Failure	88.745	0	0	0	489.022	0	171.345	0	75.000	9	11.900	0	7.900	0	17.100	0
2020.02.06  12:09:00	Failure	85.396	0	0	0	477.843	0	172.663	0	75.260	9	12.000	0	7.890	0	17.100	0
2020.02.06  12:10:00	Failure	87.415	0	0	0	498.699	0	177.223	0	75.490	9	12.000	0	7.880	0	17.100	0
2020.02.06  12:11:00	Failure	84.852	0	0	0	476.518	0	176.319	0	75.340	9	11.900	0	7.890	0	17.100	0
2020.02.06  12:12:00	Failure	87.025	0	0	0	485.245	0	159.818	0	75.640	9	12.000	0	7.880	0	17.100	0
2020.02.06  12:13:00	Failure	87.465	0	0	0	497.075	0	170.458	0	75.920	9	12.000	0	7.880	0	17.100	0
2020.02.06  12:14:00	Failure	87.143	0	0	0	480.937	0	156.241	0	75.710	9	11.900	0	7.880	0	17.100	0
2020.02.06  12:15:00	Failure	87.993	0	0	0	478.784	0	180.092	0	76.050	9	12.100	0	7.860	0	17.100	0
2020.02.06  12:16:00	Failure	85.691	0	0	0	480.662	0	167.350	0	76.270	9	12.200	0	7.850	0	17.100	0
2020.02.06  12:17:00	Failure	82.996	0	0	0	470.768	0	169.131	0	76.090	9	12.000	0	7.870	0	17.100	0
2020.02.06  12:18:00	Failure	86.767	0	0	0	490.702	0	173.079	0	76.280	9	12.100	0	7.860	0	17.100	0
2020.02.06  12:19:00	Failure	87.206	0	0	0	486.028	0	177.286	0	76.440	9	12.100	0	7.860	0	17.100	0
2020.02.06  12:20:00	Failure	82.681	0	0	0	481.964	0	169.595	0	76.010	9	12.000	0	7.870	0	17.100	0
2020.02.06  12:21:00	Failure	83.624	0	0	0	487.427	0	184.854	0	76.240	9	12.100	0	7.870	0	17.100	0
2020.02.06  12:22:00	Failure	87.816	0	0	0	484.058	0	162.178	0	76.290	9	12.100	0	7.870	0	17.100	0
2020.02.06  12:23:00	Failure	86.944	0	0	0	487.932	0	159.583	0	76.240	9	12.000	0	7.880	0	17.100	0
2020.02.06  12:24:00	Failure	86.068	0	0	0	486.753	0	158.785	0	76.590	9	12.200	0	7.870	0	17.100	0
2020.02.06  12:25:00	Failure	85.962	0	0	0	478.974	0	173.670	0	76.740	9	12.200	0	7.870	0	17.100	0
2020.02.06  12:26:00	Failure	86.762	0	0	0	486.845	0	180.078	0	76.270	9	12.000	0	7.890	0	17.100	0
2020.02.06  12:27:00	Failure	91.112	0	0	0	503.947	0	178.008	0	76.470	9	12.100	0	7.890	0	17.200	0
2020.02.06  12:28:00	Failure	96.560	0	0	0	505.285	0	176.964	0	76.470	9	12.100	0	7.900	0	17.200	0
2020.02.06  12:29:00	Failure	82.497	0	0	0	484.276	0	154.965	0	76.200	9	12.000	0	7.910	0	17.200	0
2020.02.06  12:30:00	Failure	87.232	0	0	0	486.379	0	174.193	0	76.430	9	12.100	0	7.900	0	17.200	0
2020.02.06  12:31:00	Failure	84.661	0	0	0	475.028	0	177.258	0	76.530	9	12.100	0	7.890	0	17.200	0
2020.02.06  12:32:00	Failure	87.525	0	0	0	479.770	0	157.375	0	76.410	9	12.000	0	7.900	0	17.200	0
2020.02.06  12:33:00	Failure	84.990	0	0	0	487.973	0	178.576	0	76.690	9	12.100	0	7.890	0	17.200	0
2020.02.06  12:34:00	Failure	82.612	0	0	0	488.584	0	189.338	0	76.800	9	12.100	0	7.890	0	17.200	0
2020.02.06  12:35:00	Failure	89.038	0	0	0	483.468	0	173.524	0	76.400	9	12.000	0	7.910	0	17.200	0
2020.02.06  12:36:00	Failure	88.618	0	0	0	487.108	0	165.414	0	76.680	9	12.100	0	7.900	0	17.200	0
2020.02.06  12:37:00	Failure	90.814	0	0	0	491.533	0	177.681	0	76.870	9	12.100	0	7.890	0	17.200	0
2020.02.06  12:38:00	Failure	83.224	0	0	0	471.513	0	169.625	0	76.610	9	12.000	0	7.910	0	17.200	0
2020.02.06  12:39:00	Failure	88.691	0	0	0	480.830	0	169.050	0	76.860	9	12.100	0	7.900	0	17.200	0
2020.02.06  12:40:00	Failure	88.263	0	0	0	489.015	0	172.000	0	76.890	9	12.200	0	7.890	0	17.200	0
2020.02.06  12:41:00	Failure	86.092	0	0	0	482.097	0	172.217	0	76.800	9	12.000	0	7.910	0	17.200	0
2020.02.06  12:42:00	Failure	86.021	0	0	0	486.288	0	170.976	0	77.020	9	12.100	0	7.900	0	17.200	0
2020.02.06  12:43:00	Failure	88.313	0	0	0	483.156	0	167.113	0	77.290	9	12.200	0	7.900	0	17.200	0
2020.02.06  12:44:00	Failure	86.553	0	0	0	499.288	0	195.925	0	77.000	9	12.100	0	7.910	0	17.200	0
2020.02.06  12:45:00	Failure	85.882	0	0	0	490.592	0	182.220	0	77.130	9	12.100	0	7.910	0	17.200	0
2020.02.06  12:46:00	Failure	89.243	0	0	0	488.326	0	156.176	0	77.350	9	12.200	0	7.900	0	17.200	0
2020.02.06  12:47:00	Failure	85.939	0	0	0	484.198	0	171.258	0	77.040	9	12.100	0	7.920	0	17.200	0
2020.02.06  12:48:00	Failure	88.270	0	0	0	493.048	0	177.171	0	77.220	9	12.100	0	7.910	0	17.200	0
2020.02.06  12:49:00	Failure	85.258	0	0	0	487.313	0	173.758	0	77.420	9	12.200	0	7.900	0	17.200	0
2020.02.06  12:50:00	Failure	84.530	0	0	0	484.391	0	184.020	0	77.180	9	12.100	0	7.920	0	17.200	0
2020.02.06  12:51:00	Failure	84.001	0	0	0	486.344	0	179.220	0	77.400	9	12.200	0	7.910	0	17.200	0
2020.02.06  12:52:00	Failure	84.996	0	0	0	475.508	0	172.218	0	77.560	9	12.200	0	7.900	0	17.200	0
2020.02.06  12:53:00	Failure	86.400	0	0	0	480.891	0	170.322	0	77.450	9	12.100	0	7.920	0	17.300	0
2020.02.06  12:54:00	Failure	94.770	0	0	0	498.807	0	185.448	0	77.530	9	12.200	0	7.900	0	17.200	0
2020.02.06  12:55:00	Failure	84.609	0	0	0	475.354	0	174.194	0	77.680	9	12.200	0	7.900	0	17.200	0
2020.02.06  12:56:00	Failure	86.122	0	0	0	484.130	0	170.448	0	77.510	9	12.100	0	7.910	0	17.200	0
2020.02.06  12:57:00	Failure	92.239	0	0	0	479.890	0	169.991	0	77.690	9	12.200	0	7.900	0	17.300	0
2020.02.06  12:58:00	Failure	88.300	0	0	0	488.990	0	158.285	0	77.620	9	12.200	0	7.900	0	17.300	0
2020.02.06  12:59:00	Failure	83.508	0	0	0	474.885	0	174.810	0	77.380	9	12.100	0	7.910	0	17.300	0
2020.02.06  13:00:00	Failure	82.149	0	0	0	480.153	0	175.358	0	77.700	9	12.200	0	7.900	0	17.300	0
2020.02.06  13:01:00	Failure	90.834	0	0	0	484.957	0	173.374	0	77.810	9	12.200	0	7.900	0	17.300	0
2020.02.06  13:02:00	Failure	81.143	0	0	0	474.969	0	165.267	0	77.400	9	12.100	0	7.920	0	17.300	0
2020.02.06  13:03:00	Failure	85.277	0	0	0	488.207	0	166.954	0	77.650	9	12.200	0	7.900	0	17.300	0
2020.02.06  13:04:00	Failure	85.466	0	0	0	468.060	0	167.907	0	77.770	9	12.200	0	7.900	0	17.300	0
2020.02.06  13:05:00	Failure	86.821	0	0	0	480.372	0	171.647	0	77.520	9	12.100	0	7.910	0	17.300	0
2020.02.06  13:06:00	Failure	86.621	0	0	0	482.094	0	168.293	0	77.740	9	12.200	0	7.900	0	17.300	0
2020.02.06  13:07:00	Failure	86.237	0	0	0	487.968	0	174.336	0	77.940	9	12.300	0	7.900	0	17.300	0
2020.02.06  13:08:00	Failure	82.669	0	0	0	477.712	0	180.751	0	77.500	9	12.100	0	7.920	0	17.300	0
2020.02.06  13:09:00	Failure	84.464	0	0	0	486.592	0	173.850	0	77.820	9	12.300	0	7.910	0	17.300	0
2020.02.06  13:10:00	Failure	87.608	0	0	0	491.722	0	161.453	0	77.980	9	12.300	0	7.900	0	17.300	0
2020.02.06  13:11:00	Failure	83.452	0	0	0	488.213	0	160.389	0	77.970	9	12.200	0	7.910	0	17.300	0
2020.02.06  13:12:00	Failure	83.158	0	0	0	479.755	0	150.963	0	78.210	9	12.300	0	7.900	0	17.300	0
2020.02.06  13:13:00	Failure	85.035	0	0	0	490.136	0	186.339	0	78.420	9	12.400	0	7.890	0	17.300	0
2020.02.06  13:14:00	Failure	82.226	0	0	0	477.486	0	184.445	0	78.280	9	12.300	0	7.900	0	17.300	0
2020.02.06  13:15:00	Failure	84.770	0	0	0	477.277	0	175.588	0	78.540	9	12.500	0	7.870	0	17.300	0
2020.02.06  13:16:00	Failure	83.179	0	0	0	484.636	0	169.957	0	78.630	9	12.500	0	7.870	0	17.300	0
2020.02.06  13:17:00	Failure	82.038	0	0	0	474.532	0	174.709	0	78.280	9	12.300	0	7.880	0	17.300	0
2020.02.06  13:18:00	Failure	85.346	0	0	0	482.753	0	169.674	0	78.400	9	12.400	0	7.880	0	17.300	0
2020.02.06  13:19:00	Failure	84.305	0	0	0	478.774	0	190.089	0	78.360	9	12.400	0	7.870	0	17.300	0
2020.02.06  13:20:00	Failure	86.485	0	0	0	477.348	0	162.142	0	78.210	9	12.300	0	7.880	0	17.300	0
2020.02.06  13:21:00	Failure	84.778	0	0	0	465.978	0	162.529	0	78.460	9	12.400	0	7.880	0	17.300	0
2020.02.06  13:22:00	Failure	88.231	0	0	0	479.956	0	172.939	0	78.520	9	12.400	0	7.880	0	17.300	0
2020.02.06  13:23:00	Failure	86.902	0	0	0	482.017	0	174.668	0	78.190	9	12.300	0	7.890	0	17.300	0
2020.02.06  13:24:00	Failure	86.837	0	0	0	477.058	0	167.446	0	78.530	9	12.400	0	7.890	0	17.300	0
2020.02.06  13:25:00	Failure	86.519	0	0	0	484.095	0	169.343	0	78.590	9	12.400	0	7.890	0	17.300	0
2020.02.06  13:26:00	Failure	86.158	0	0	0	480.812	0	176.992	0	78.440	9	12.300	0	7.900	0	17.300	0
2020.02.06  13:27:00	Failure	86.441	0	0	0	484.647	0	164.541	0	78.710	9	12.400	0	7.890	0	17.300	0
2020.02.06  13:28:00	Failure	85.465	0	0	0	476.853	0	169.462	0	78.660	9	12.400	0	7.880	0	17.300	0
2020.02.06  13:29:00	Failure	84.607	0	0	0	475.356	0	183.218	0	78.130	9	12.300	0	7.890	0	17.300	0
2020.02.06  13:30:00	Failure	84.255	0	0	0	483.423	0	186.641	0	78.060	9	12.400	0	7.880	0	17.400	0
2020.02.06  13:31:00	Failure	86.666	0	0	0	480.993	0	178.713	0	78.110	9	12.400	0	7.870	0	17.400	0
2020.02.06  13:32:00	Failure	77.664	0	0	0	471.730	0	172.334	0	77.870	9	12.300	0	7.890	0	17.400	0
2020.02.06  13:33:00	Failure	82.917	0	0	0	474.737	0	166.267	0	78.070	9	12.400	0	7.880	0	17.400	0
2020.02.06  13:34:00	Failure	84.969	0	0	0	478.595	0	165.601	0	78.090	9	12.400	0	7.870	0	17.400	0
2020.02.06  13:35:00	Failure	85.870	0	0	0	480.678	0	160.959	0	78.050	9	12.300	0	7.890	0	17.400	0
2020.02.06  13:36:00	Failure	90.220	0	0	0	480.424	0	156.299	0	78.250	9	12.400	0	7.880	0	17.400	0
2020.02.06  13:37:00	Failure	86.339	0	0	0	477.166	0	176.567	0	78.510	9	12.400	0	7.870	0	17.400	0
2020.02.06  13:38:00	Failure	84.143	0	0	0	474.153	0	163.091	0	78.230	9	12.300	0	7.890	0	17.400	0
2020.02.06  13:39:00	Failure	86.241	0	0	0	491.123	0	180.952	0	78.520	9	12.400	0	7.880	0	17.400	0
2020.02.06  13:40:00	Failure	84.950	0	0	0	481.803	0	166.710	0	78.700	9	12.400	0	7.880	0	17.400	0
2020.02.06  13:41:00	Failure	82.845	0	0	0	482.283	0	172.327	0	78.470	9	12.300	0	7.890	0	17.400	0
2020.02.06  13:42:00	Failure	82.752	0	0	0	466.933	0	166.866	0	78.760	9	12.400	0	7.890	0	17.400	0
2020.02.06  13:43:00	Failure	87.605	0	0	0	480.151	0	156.228	0	78.800	9	12.500	0	7.880	0	17.400	0
2020.02.06  13:44:00	Failure	85.507	0	0	0	486.933	0	167.628	0	78.730	9	12.400	0	7.890	0	17.400	0
2020.02.06  13:45:00	Failure	89.876	0	0	0	490.503	0	175.121	0	78.910	9	12.500	0	7.880	0	17.400	0
2020.02.06  13:46:00	Failure	83.398	0	0	0	484.949	0	177.869	0	79.160	9	12.500	0	7.870	0	17.400	0
2020.02.06  13:47:00	Failure	86.669	0	0	0	472.205	0	156.764	0	78.940	9	12.400	0	7.890	0	17.400	0
2020.02.06  13:48:00	Failure	86.195	0	0	0	481.402	0	165.850	0	79.010	9	12.400	0	7.880	0	17.400	0
2020.02.06  13:49:00	Failure	83.229	0	0	0	478.098	0	168.983	0	79.050	9	12.500	0	7.880	0	17.400	0
2020.02.06  13:50:00	Failure	86.128	0	0	0	475.901	0	167.544	0	78.820	9	12.400	0	7.890	0	17.400	0
2020.02.06  13:51:00	Failure	83.938	0	0	0	476.906	0	173.232	0	79.010	9	12.500	0	7.880	0	17.400	0
2020.02.06  13:52:00	Failure	84.038	0	0	0	473.337	0	172.670	0	79.250	9	12.500	0	7.870	0	17.400	0
2020.02.06  13:53:00	Failure	83.377	0	0	0	475.537	0	166.951	0	79.340	9	12.500	0	7.880	0	17.400	0
2020.02.06  13:54:00	Failure	82.359	0	0	0	484.243	0	174.154	0	79.490	9	12.500	0	7.880	0	17.400	0
2020.02.06  13:55:00	Failure	84.249	0	0	0	474.958	0	170.126	0	79.560	9	12.600	0	7.870	0	17.400	0
2020.02.06  13:56:00	Failure	81.148	0	0	0	479.708	0	169.832	0	79.360	9	12.500	0	7.880	0	17.400	0
2020.02.06  13:57:00	Failure	86.350	0	0	0	486.094	0	178.262	0	79.540	9	12.500	0	7.870	0	17.400	0
2020.02.06  13:58:00	Failure	84.902	0	0	0	484.083	0	163.430	0	79.610	9	12.600	0	7.870	0	17.400	0
2020.02.06  13:59:00	Failure	80.514	0	0	0	475.402	0	149.723	0	79.430	9	12.500	0	7.880	0	17.400	0
2020.02.06  14:00:00	Failure	85.559	0	0	0	484.322	0	169.687	0	79.830	9	12.600	0	7.870	0	17.400	0
2020.02.06  14:01:00	Failure	85.430	0	0	0	484.299	0	189.298	0	79.970	9	12.600	0	7.870	0	17.400	0
2020.02.06  14:02:00	Failure	81.931	0	0	0	476.374	0	157.678	0	79.660	9	12.500	0	7.890	0	17.400	0
2020.02.06  14:03:00	Failure	85.152	0	0	0	475.833	0	169.875	0	79.770	9	12.600	0	7.880	0	17.400	0
2020.02.06  14:04:00	Failure	87.452	0	0	0	483.053	0	162.588	0	80.050	9	12.700	0	7.870	0	17.400	0
2020.02.06  14:05:00	Failure	84.629	0	0	0	478.494	0	185.294	0	79.780	9	12.500	0	7.890	0	17.400	0
2020.02.06  14:06:00	Failure	85.934	0	0	0	473.095	0	168.651	0	79.890	9	12.600	0	7.880	0	17.500	0
2020.02.06  14:07:00	Failure	83.785	0	0	0	477.470	0	160.788	0	79.840	9	12.700	0	7.870	0	17.500	0
2020.02.06  14:08:00	Failure	84.704	0	0	0	485.835	0	157.197	0	79.930	9	12.600	0	7.890	0	17.500	0
2020.02.06  14:09:00	Failure	83.186	0	0	0	479.361	0	171.909	0	80.320	9	12.700	0	7.880	0	17.500	0
2020.02.06  14:10:00	Failure	86.223	0	0	0	477.798	0	157.100	0	80.430	9	12.700	0	7.870	0	17.500	0
2020.02.06  14:11:00	Failure	82.840	0	0	0	487.245	0	170.334	0	80.040	9	12.600	0	7.890	0	17.500	0
2020.02.06  14:12:00	Failure	87.509	0	0	0	489.712	0	176.013	0	80.310	9	12.700	0	7.880	0	17.500	0
2020.02.06  14:13:00	Failure	83.959	0	0	0	490.226	0	172.537	0	80.360	9	12.700	0	7.880	0	17.500	0
2020.02.06  14:14:00	Failure	85.937	0	0	0	487.637	0	171.776	0	80.270	9	12.600	0	7.880	0	17.500	0
2020.02.06  14:15:00	Failure	86.805	0	0	0	475.334	0	164.719	0	80.480	9	12.700	0	7.860	0	17.500	0
2020.02.06  14:16:00	Failure	87.863	0	0	0	482.459	0	167.820	0	80.780	9	12.800	0	7.850	0	17.500	0
2020.02.06  14:17:00	Failure	83.327	0	0	0	487.253	0	176.756	0	80.510	9	12.700	0	7.870	0	17.500	0
2020.02.06  14:18:00	Failure	82.841	0	0	0	486.001	0	174.310	0	80.690	9	12.800	0	7.870	0	17.500	0
2020.02.06  14:19:00	Failure	89.027	0	0	0	491.072	0	165.111	0	80.730	9	12.800	0	7.860	0	17.500	0
2020.02.06  14:20:00	Failure	86.973	0	0	0	483.204	0	174.904	0	80.430	9	12.700	0	7.870	0	17.500	0
2020.02.06  14:21:00	Failure	90.509	0	0	0	478.969	0	166.309	0	80.630	9	12.800	0	7.860	0	17.500	0
2020.02.06  14:22:00	Failure	86.125	0	0	0	489.162	0	174.262	0	80.820	9	12.900	0	7.860	0	17.500	0
2020.02.06  14:23:00	Failure	86.643	0	0	0	481.074	0	167.366	0	80.610	9	12.700	0	7.880	0	17.500	0
2020.02.06  14:24:00	Failure	87.180	0	0	0	491.957	0	169.014	0	80.770	9	12.800	0	7.870	0	17.500	0
2020.02.06  14:25:00	Failure	90.269	0	0	0	500.210	0	171.169	0	80.920	9	12.800	0	7.870	0	17.500	0
2020.02.06  14:26:00	Failure	90.303	0	0	0	487.538	0	167.667	0	80.720	9	12.700	0	7.880	0	17.500	0
2020.02.06  14:27:00	Failure	89.053	0	0	0	489.602	0	180.606	0	80.790	9	12.800	0	7.880	0	17.500	0
2020.02.06  14:28:00	Failure	92.604	0	0	0	487.699	0	173.352	0	80.620	9	12.800	0	7.880	0	17.500	0
2020.02.06  14:29:00	Failure	82.945	0	0	0	479.421	0	170.355	0	80.530	9	12.700	0	7.890	0	17.500	0
2020.02.06  14:30:00	Failure	87.050	0	0	0	481.882	0	185.545	0	80.850	9	12.800	0	7.890	0	17.500	0
2020.02.06  14:31:00	Failure	85.193	0	0	0	482.572	0	182.552	0	81.060	9	12.800	0	7.880	0	17.500	0
2020.02.06  14:32:00	Failure	83.426	0	0	0	488.387	0	183.885	0	80.880	9	12.700	0	7.900	0	17.500	0
2020.02.06  14:33:00	Failure	88.197	0	0	0	489.390	0	169.603	0	81.080	9	12.800	0	7.890	0	17.500	0
2020.02.06  14:34:00	Failure	85.861	0	0	0	495.015	0	160.760	0	81.270	9	12.800	0	7.890	0	17.500	0
2020.02.06  14:35:00	Failure	86.759	0	0	0	486.754	0	182.757	0	81.080	9	12.700	0	7.900	0	17.500	0
2020.02.06  14:36:00	Failure	86.609	0	0	0	482.589	0	159.877	0	81.220	9	12.900	0	7.880	0	17.500	0
2020.02.06  14:37:00	Failure	91.796	0	0	0	496.577	0	178.044	0	81.390	9	12.900	0	7.870	0	17.500	0
2020.02.06  14:38:00	Failure	83.924	0	0	0	486.677	0	170.600	0	81.140	9	12.700	0	7.890	0	17.500	0
2020.02.06  14:39:00	Failure	89.428	0	0	0	501.565	0	182.349	0	81.310	9	12.900	0	7.880	0	17.500	0
2020.02.06  14:40:00	Failure	89.962	0	0	0	495.893	0	183.204	0	81.370	9	12.900	0	7.880	0	17.500	0
2020.02.06  14:41:00	Failure	82.858	0	0	0	471.338	0	167.946	0	81.210	9	12.800	0	7.890	0	17.500	0
2020.02.06  14:42:00	Failure	88.330	0	0	0	486.397	0	162.418	0	81.430	9	12.900	0	7.880	0	17.500	0
2020.02.06  14:43:00	Failure	86.616	0	0	0	489.604	0	165.243	0	81.540	9	12.900	0	7.870	0	17.500	0
