80207090_20_0x0100_spectro::lyser_INFLUENTV120	This file contains data of the current measurement.         
Date/Time	Status	TSSeq [mg/l]3000.00-0.00_1	[TSSeq_0.0000_0.3995_0.0000_0.0000]	NO3-Neq [mg/l]40.00-0.00_1	[NO3-Neq_0.0000_0.0000_0.0000_0.0000]	CODeq [mg/l]3750.00-0.00_1	[CODeq_2.4443_0.9996_0.0000_0.0000]	CODfeq [mg/l]1250.00-0.00_1	[CODfeq_-4.8229_1.3661_0.0000_0.0000]	NH4-N [ppm]19.80-0.10_2	[NH4-N_0.0_1.0_0.0_0.0]	K [ppm]55.00-0.10_1	[K_0.0_1.0_0.0_0.0]	pH [pH]12.00-2.00_2	[pH_0.0_1.0_0.0_0.0]	Temp. [°C]100.00--10.00_1	[Temp._0.0_1.0_0.0_0.0]
2020.02.07  11:32:00	Failure	97.264	0	0	0	496.923	0	149.965	0	40.020	9	10.100	0	7.570	0	17.000	0
2020.02.07  11:33:00	Failure	97.726	0	0	0	499.227	0	164.014	0	40.150	9	10.000	0	7.590	0	17.000	0
2020.02.07  11:33:00	Failure	93.903	0	0	0	497.639	0	157.728	0	40.170	9	10.000	0	7.580	0	17.000	0
2020.02.07  11:34:00	Failure	94.488	0	0	0	492.836	0	155.042	0	40.250	9	10.100	0	7.570	0	17.000	0
2020.02.07  11:35:00	Failure	93.306	0	0	0	491.544	0	164.060	0	40.300	9	10.100	0	7.590	0	16.900	0
2020.02.07  11:36:00	Failure	96.679	0	0	0	498.745	0	145.281	0	40.420	9	10.100	0	7.580	0	17.000	0
2020.02.07  11:37:00	Failure	94.736	0	0	0	499.268	0	149.542	0	40.580	9	10.200	0	7.570	0	17.000	0
2020.02.07  11:38:00	Failure	93.763	0	0	0	493.928	0	148.583	0	40.530	9	10.100	0	7.590	0	17.000	0
2020.02.07  11:39:00	Failure	98.010	0	0	0	494.579	0	143.234	0	40.550	9	10.100	0	7.590	0	17.000	0
2020.02.07  11:40:00	Failure	96.086	0	0	0	499.902	0	153.036	0	40.610	9	10.200	0	7.580	0	17.000	0
2020.02.07  11:41:00	Failure	92.351	0	0	0	488.492	0	148.004	0	40.650	9	10.100	0	7.600	0	17.000	0
2020.02.07  11:42:00	Failure	96.253	0	0	0	504.906	0	157.181	0	40.670	9	10.200	0	7.590	0	17.000	0
2020.02.07  11:43:00	Failure	97.721	0	0	0	503.299	0	157.160	0	40.840	9	10.200	0	7.580	0	17.000	0
2020.02.07  11:44:00	Failure	89.828	0	0	0	489.878	0	152.638	0	40.800	9	10.100	0	7.600	0	17.000	0
2020.02.07  11:45:00	Failure	93.428	0	0	0	501.180	0	163.320	0	40.720	9	10.200	0	7.590	0	17.000	0
2020.02.07  11:46:00	Failure	96.521	0	0	0	501.326	0	160.644	0	40.770	9	10.200	0	7.590	0	17.000	0
2020.02.07  11:47:00	Failure	91.200	0	0	0	491.079	0	159.533	0	40.920	9	10.200	0	7.600	0	17.000	0
2020.02.07  11:48:00	Failure	97.712	0	0	0	494.809	0	147.212	0	40.870	9	10.200	0	7.600	0	17.000	0
2020.02.07  11:49:00	Failure	97.060	0	0	0	499.734	0	171.136	0	40.920	9	10.200	0	7.600	0	17.000	0
2020.02.07  11:50:00	Failure	92.187	0	0	0	493.846	0	160.293	0	41.020	9	10.200	0	7.610	0	17.000	0
2020.02.07  11:51:00	Failure	94.344	0	0	0	488.324	0	153.155	0	40.980	9	10.200	0	7.600	0	17.000	0
2020.02.07  11:52:00	Failure	125.848	0	0	0	516.413	0	152.194	0	41.000	9	10.200	0	7.600	0	17.000	0
2020.02.07  11:53:00	Failure	91.766	0	0	0	496.076	0	160.324	0	41.020	9	10.200	0	7.620	0	17.000	0
2020.02.07  11:54:00	Failure	96.839	0	0	0	498.248	0	161.823	0	41.030	9	10.200	0	7.610	0	17.000	0
2020.02.07  11:55:00	Failure	96.294	0	0	0	504.751	0	151.918	0	41.140	9	10.200	0	7.600	0	17.000	0
2020.02.07  11:56:00	Failure	95.953	0	0	0	500.897	0	156.468	0	41.290	9	10.200	0	7.610	0	17.000	0
2020.02.07  11:57:00	Failure	97.408	0	0	0	508.088	0	152.211	0	41.220	9	10.200	0	7.600	0	17.000	0
2020.02.07  11:58:00	Failure	94.041	0	0	0	498.669	0	165.643	0	41.130	9	10.200	0	7.610	0	17.000	0
2020.02.07  11:59:00	Failure	94.792	0	0	0	496.128	0	146.196	0	41.110	9	10.200	0	7.620	0	17.000	0
2020.02.07  12:00:00	Failure	94.110	0	0	0	500.557	0	158.090	0	41.030	9	10.200	0	7.610	0	17.000	0
2020.02.07  12:01:00	Failure	98.256	0	0	0	506.795	0	153.448	0	41.020	9	10.300	0	7.610	0	17.000	0
2020.02.07  12:02:00	Failure	91.376	0	0	0	497.780	0	142.011	0	41.130	9	10.200	0	7.630	0	17.000	0
2020.02.07  12:03:00	Failure	91.554	0	0	0	486.248	0	153.217	0	41.150	9	10.200	0	7.620	0	17.000	0
2020.02.07  12:04:00	Failure	96.396	0	0	0	490.978	0	152.308	0	41.210	9	10.300	0	7.610	0	17.000	0
2020.02.07  12:05:00	Failure	90.932	0	0	0	485.875	0	150.677	0	41.270	9	10.200	0	7.630	0	17.000	0
2020.02.07  12:06:00	Failure	94.793	0	0	0	498.303	0	151.672	0	41.090	9	10.300	0	7.610	0	17.000	0
2020.02.07  12:07:00	Failure	93.354	0	0	0	487.704	0	152.614	0	41.170	9	10.300	0	7.610	0	17.000	0
2020.02.07  12:08:00	Failure	90.843	0	0	0	496.003	0	159.442	0	41.250	9	10.200	0	7.630	0	17.000	0
2020.02.07  12:09:00	Failure	91.689	0	0	0	497.504	0	168.835	0	41.340	9	10.200	0	7.620	0	17.000	0
2020.02.07  12:10:00	Failure	93.867	0	0	0	493.797	0	144.313	0	41.420	9	10.300	0	7.610	0	17.000	0
2020.02.07  12:11:00	Failure	93.642	0	0	0	494.570	0	139.415	0	41.340	9	10.200	0	7.630	0	17.000	0
2020.02.07  12:12:00	Failure	91.788	0	0	0	482.593	0	158.828	0	41.220	9	10.200	0	7.630	0	17.000	0
2020.02.07  12:13:00	Failure	93.828	0	0	0	497.439	0	159.361	0	41.290	9	10.300	0	7.620	0	17.000	0
2020.02.07  12:14:00	Failure	92.005	0	0	0	480.775	0	152.984	0	41.590	9	10.200	0	7.620	0	17.000	0
2020.02.07  12:15:00	Failure	88.983	0	0	0	490.174	0	149.563	0	41.720	9	10.300	0	7.600	0	17.000	0
2020.02.07  12:16:00	Failure	92.355	0	0	0	509.158	0	167.402	0	41.750	9	10.400	0	7.590	0	17.000	0
2020.02.07  12:17:00	Failure	92.420	0	0	0	491.576	0	161.053	0	41.780	9	10.300	0	7.610	0	17.000	0
2020.02.07  12:18:00	Failure	96.437	0	0	0	502.494	0	158.627	0	41.770	9	10.300	0	7.610	0	17.000	0
2020.02.07  12:19:00	Failure	94.291	0	0	0	501.939	0	159.150	0	41.750	9	10.300	0	7.610	0	17.000	0
2020.02.07  12:20:00	Failure	95.321	0	0	0	505.894	0	155.331	0	41.880	9	10.300	0	7.620	0	17.000	0
2020.02.07  12:21:00	Failure	95.348	0	0	0	499.552	0	147.587	0	41.900	9	10.300	0	7.620	0	17.000	0
2020.02.07  12:22:00	Failure	95.351	0	0	0	495.695	0	158.560	0	41.940	9	10.300	0	7.620	0	17.000	0
2020.02.07  12:23:00	Failure	91.343	0	0	0	481.599	0	171.322	0	42.070	9	10.300	0	7.630	0	17.000	0
2020.02.07  12:24:00	Failure	93.514	0	0	0	510.922	0	147.816	0	42.090	9	10.300	0	7.620	0	17.000	0
2020.02.07  12:25:00	Failure	95.318	0	0	0	499.215	0	168.715	0	41.980	9	10.300	0	7.620	0	17.000	0
2020.02.07  12:26:00	Failure	94.937	0	0	0	489.375	0	152.754	0	41.970	9	10.300	0	7.630	0	17.000	0
2020.02.07  12:27:00	Failure	98.143	0	0	0	497.828	0	152.251	0	41.900	9	10.300	0	7.620	0	17.000	0
2020.02.07  12:28:00	Failure	98.752	0	0	0	491.341	0	156.117	0	41.820	9	10.300	0	7.630	0	17.000	0
2020.02.07  12:29:00	Failure	90.398	0	0	0	496.340	0	162.518	0	41.960	9	10.300	0	7.640	0	17.000	0
2020.02.07  12:30:00	Failure	91.541	0	0	0	484.890	0	164.739	0	41.860	9	10.300	0	7.640	0	17.000	0
2020.02.07  12:31:00	Failure	95.504	0	0	0	483.333	0	151.609	0	41.850	9	10.300	0	7.640	0	17.000	0
2020.02.07  12:32:00	Failure	91.514	0	0	0	507.352	0	156.022	0	41.870	9	10.200	0	7.650	0	17.000	0
2020.02.07  12:33:00	Failure	89.524	0	0	0	482.692	0	159.504	0	41.910	9	10.300	0	7.640	0	17.000	0
2020.02.07  12:34:00	Failure	91.957	0	0	0	495.823	0	143.632	0	41.930	9	10.300	0	7.630	0	17.000	0
2020.02.07  12:35:00	Failure	91.895	0	0	0	478.802	0	141.658	0	42.090	9	10.300	0	7.650	0	17.000	0
2020.02.07  12:36:00	Failure	95.008	0	0	0	498.327	0	161.137	0	42.120	9	10.300	0	7.640	0	17.000	0
2020.02.07  12:37:00	Failure	92.385	0	0	0	488.113	0	159.462	0	42.000	9	10.300	0	7.630	0	17.000	0
2020.02.07  12:38:00	Failure	90.522	0	0	0	496.676	0	163.552	0	42.160	9	10.300	0	7.650	0	17.000	0
2020.02.07  12:39:00	Failure	91.009	0	0	0	494.571	0	159.994	0	42.070	9	10.300	0	7.630	0	17.000	0
2020.02.07  12:40:00	Failure	91.251	0	0	0	492.316	0	142.725	0	42.100	9	10.400	0	7.630	0	17.000	0
2020.02.07  12:41:00	Failure	86.731	0	0	0	474.141	0	149.098	0	42.180	9	10.300	0	7.640	0	17.000	0
2020.02.07  12:42:00	Failure	91.224	0	0	0	478.798	0	149.924	0	42.190	9	10.300	0	7.630	0	17.000	0
2020.02.07  12:43:00	Failure	91.959	0	0	0	493.637	0	161.805	0	42.190	9	10.400	0	7.630	0	17.100	0
2020.02.07  12:44:00	Failure	90.087	0	0	0	497.250	0	159.476	0	42.240	9	10.300	0	7.660	0	17.000	0
2020.02.07  12:45:00	Failure	95.562	0	0	0	503.286	0	156.564	0	42.240	9	10.300	0	7.650	0	17.000	0
2020.02.07  12:46:00	Failure	96.255	0	0	0	491.320	0	152.462	0	42.350	9	10.400	0	7.650	0	17.000	0
2020.02.07  12:47:00	Failure	89.970	0	0	0	488.981	0	158.619	0	42.440	9	10.300	0	7.660	0	17.100	0
2020.02.07  12:48:00	Failure	89.611	0	0	0	477.260	0	152.987	0	42.480	9	10.300	0	7.650	0	17.100	0
2020.02.07  12:49:00	Failure	91.073	0	0	0	481.191	0	152.310	0	42.590	9	10.400	0	7.650	0	17.100	0
2020.02.07  12:50:00	Failure	92.640	0	0	0	487.452	0	165.924	0	42.620	9	10.300	0	7.660	0	17.100	0
2020.02.07  12:51:00	Failure	92.731	0	0	0	488.505	0	157.194	0	42.680	9	10.400	0	7.650	0	17.100	0
2020.02.07  12:52:00	Failure	90.067	0	0	0	481.321	0	157.523	0	42.780	9	10.400	0	7.650	0	17.100	0
2020.02.07  12:53:00	Failure	89.104	0	0	0	489.582	0	163.981	0	42.710	9	10.300	0	7.670	0	17.100	0
2020.02.07  12:54:00	Failure	90.168	0	0	0	502.090	0	165.345	0	42.610	9	10.400	0	7.660	0	17.100	0
2020.02.07  12:55:00	Failure	91.016	0	0	0	492.157	0	160.546	0	42.680	9	10.400	0	7.650	0	17.100	0
2020.02.07  12:56:00	Failure	89.405	0	0	0	489.032	0	170.184	0	42.780	9	10.300	0	7.670	0	17.100	0
2020.02.07  12:57:00	Failure	89.553	0	0	0	480.599	0	160.237	0	42.740	9	10.400	0	7.660	0	17.100	0
2020.02.07  12:58:00	Failure	91.591	0	0	0	497.266	0	169.638	0	42.790	9	10.400	0	7.650	0	17.100	0
2020.02.07  12:59:00	Failure	92.093	0	0	0	485.175	0	149.165	0	42.800	9	10.300	0	7.670	0	17.100	0
2020.02.07  13:00:00	Failure	90.716	0	0	0	491.611	0	164.075	0	42.690	9	10.400	0	7.650	0	17.100	0
2020.02.07  13:01:00	Failure	93.369	0	0	0	494.744	0	154.110	0	42.700	9	10.400	0	7.650	0	17.100	0
2020.02.07  13:02:00	Failure	88.676	0	0	0	480.183	0	147.819	0	42.800	9	10.400	0	7.660	0	17.100	0
2020.02.07  13:03:00	Failure	88.697	0	0	0	486.927	0	162.731	0	42.850	9	10.400	0	7.650	0	17.100	0
2020.02.07  13:04:00	Failure	91.459	0	0	0	485.067	0	168.901	0	42.810	9	10.400	0	7.650	0	17.100	0
2020.02.07  13:05:00	Failure	90.123	0	0	0	479.621	0	155.420	0	42.730	9	10.300	0	7.660	0	17.100	0
2020.02.07  13:06:00	Failure	90.750	0	0	0	481.386	0	156.004	0	42.580	9	10.400	0	7.650	0	17.100	0
2020.02.07  13:07:00	Failure	91.893	0	0	0	484.367	0	167.477	0	42.530	9	10.400	0	7.650	0	17.100	0
2020.02.07  13:08:00	Failure	90.540	0	0	0	483.304	0	153.439	0	42.680	9	10.300	0	7.670	0	17.100	0
2020.02.07  13:09:00	Failure	91.034	0	0	0	496.536	0	162.828	0	42.660	9	10.400	0	7.650	0	17.100	0
2020.02.07  13:10:00	Failure	90.458	0	0	0	497.831	0	178.801	0	42.670	9	10.400	0	7.650	0	17.100	0
2020.02.07  13:11:00	Failure	85.706	0	0	0	480.396	0	149.124	0	42.890	9	10.400	0	7.670	0	17.100	0
2020.02.07  13:12:00	Failure	90.703	0	0	0	491.197	0	161.031	0	42.930	9	10.400	0	7.650	0	17.100	0
2020.02.07  13:13:00	Failure	90.840	0	0	0	491.632	0	159.976	0	43.000	9	10.500	0	7.650	0	17.100	0
2020.02.07  13:14:00	Failure	87.910	0	0	0	487.729	0	154.757	0	43.130	9	10.400	0	7.660	0	17.100	0
2020.02.07  13:15:00	Failure	89.813	0	0	0	488.960	0	156.770	0	43.220	9	10.500	0	7.640	0	17.100	0
2020.02.07  13:16:00	Failure	86.349	0	0	0	482.054	0	151.940	0	43.170	9	10.500	0	7.630	0	17.100	0
2020.02.07  13:17:00	Failure	87.110	0	0	0	483.470	0	167.528	0	43.220	9	10.500	0	7.650	0	17.100	0
2020.02.07  13:18:00	Failure	89.514	0	0	0	477.510	0	168.536	0	43.240	9	10.500	0	7.640	0	17.100	0
2020.02.07  13:19:00	Failure	92.775	0	0	0	495.410	0	162.765	0	43.220	9	10.500	0	7.650	0	17.100	0
2020.02.07  13:20:00	Failure	89.488	0	0	0	484.826	0	161.877	0	43.220	9	10.400	0	7.670	0	17.100	0
2020.02.07  13:21:00	Failure	93.389	0	0	0	482.859	0	144.213	0	43.210	9	10.400	0	7.660	0	17.100	0
2020.02.07  13:22:00	Failure	92.594	0	0	0	490.834	0	148.141	0	43.290	9	10.500	0	7.660	0	17.100	0
2020.02.07  13:23:00	Failure	88.531	0	0	0	475.680	0	160.537	0	43.460	9	10.400	0	7.680	0	17.100	0
2020.02.07  13:24:00	Failure	91.587	0	0	0	500.861	0	146.967	0	43.630	9	10.500	0	7.670	0	17.100	0
2020.02.07  13:25:00	Failure	93.186	0	0	0	497.727	0	165.529	0	43.610	9	10.500	0	7.670	0	17.100	0
2020.02.07  13:26:00	Failure	92.947	0	0	0	486.891	0	148.693	0	43.560	9	10.400	0	7.670	0	17.100	0
2020.02.07  13:27:00	Failure	99.489	0	0	0	509.582	0	157.294	0	43.490	9	10.500	0	7.650	0	17.100	0
2020.02.07  13:28:00	Failure	102.594	0	0	0	513.854	0	168.972	0	43.580	9	10.600	0	7.640	0	17.100	0
2020.02.07  13:29:00	Failure	116.740	0	0	0	525.070	0	147.526	0	43.520	9	10.500	0	7.660	0	17.100	0
2020.02.07  13:30:00	Failure	115.967	0	0	0	530.411	0	141.545	0	43.520	9	10.600	0	7.640	0	17.100	0
2020.02.07  13:31:00	Failure	130.397	0	0	0	572.239	0	147.901	0	43.530	9	10.700	0	7.630	0	17.200	0
2020.02.07  13:32:00	Failure	138.517	0	0	0	581.377	0	144.410	0	43.420	9	10.700	0	7.650	0	17.200	0
2020.02.07  13:33:00	Failure	135.418	0	0	0	566.798	0	135.918	0	43.390	9	10.700	0	7.630	0	17.200	0
2020.02.07  13:34:00	Failure	153.399	0	0	0	610.426	0	130.796	0	43.500	9	10.800	0	7.620	0	17.200	0
2020.02.07  13:35:00	Failure	162.540	0	0	0	619.923	0	142.680	0	43.300	9	10.700	0	7.640	0	17.200	0
2020.02.07  13:36:00	Failure	153.206	0	0	0	595.699	0	139.143	0	43.180	9	10.800	0	7.620	0	17.200	0
2020.02.07  13:37:00	Failure	167.025	0	0	0	632.962	0	144.695	0	43.140	9	10.900	0	7.620	0	17.200	0
2020.02.07  13:38:00	Failure	187.702	0	0	0	672.334	0	130.405	0	42.990	9	10.800	0	7.630	0	17.300	0
2020.02.07  13:39:00	Failure	178.568	0	0	0	623.587	0	141.263	0	42.850	9	10.900	0	7.620	0	17.300	0
2020.02.07  13:40:00	Failure	205.898	0	NaN	-10	708.707	0	147.403	0	42.670	9	10.900	0	7.630	0	17.300	0
2020.02.07  13:41:00	Failure	168.452	0	0	0	635.496	0	131.830	0	42.800	9	10.900	0	7.640	0	17.300	0
2020.02.07  13:42:00	Failure	160.369	0	0	0	628.168	0	126.331	0	42.600	9	10.900	0	7.640	0	17.200	0
2020.02.07  13:43:00	Failure	139.175	0	0	0	584.461	0	154.829	0	42.490	9	10.800	0	7.640	0	17.200	0
2020.02.07  13:44:00	Failure	138.088	0	0	0	578.775	0	137.985	0	42.160	9	10.500	0	7.670	0	17.200	0
2020.02.07  13:45:00	Failure	124.867	0	0	0	564.362	0	141.366	0	42.610	9	10.500	0	7.670	0	17.200	0
2020.02.07  13:46:00	Failure	130.113	0	0	0	556.233	0	147.253	0	42.560	9	10.400	0	7.680	0	17.200	0
2020.02.07  13:47:00	Failure	88.906	0	0	0	486.716	0	155.625	0	42.470	9	10.400	0	7.700	0	17.200	0
2020.02.07  13:48:00	Failure	87.103	0	0	0	479.828	0	140.475	0	42.990	9	10.300	0	7.710	0	17.100	0
2020.02.07  13:49:00	Failure	94.917	0	0	0	508.976	0	170.396	0	42.730	9	10.200	0	7.720	0	17.100	0
2020.02.07  13:50:00	Failure	101.991	0	0	0	533.526	0	185.787	0	42.760	9	10.200	0	7.730	0	17.100	0
2020.02.07  13:51:00	Failure	108.817	0	0	0	549.514	0	170.299	0	42.850	9	10.100	0	7.720	0	17.100	0
2020.02.07  13:52:00	Failure	679.172	0	NaN	-10	NaN	-10	NaN	-10	42.190	9	9.900	0	7.730	0	17.100	0
2020.02.07  13:53:00	Failure	132.832	0	0	0	541.626	0	168.377	0	41.870	9	9.900	0	7.740	0	17.100	0
2020.02.07  13:54:00	Failure	162.357	0	0	0	598.576	0	163.431	0	42.040	9	9.800	0	7.730	0	17.100	0
2020.02.07  13:55:00	Failure	175.792	0	0	0	619.726	0	164.720	0	41.770	9	9.800	0	7.730	0	17.100	0
2020.02.07  13:56:00	Failure	101.091	0	0	0	508.346	0	147.909	0	41.610	9	9.800	0	7.730	0	17.100	0
2020.02.07  13:57:00	Failure	109.527	0	0	0	519.339	0	164.894	0	41.690	9	9.900	0	7.720	0	17.200	0
2020.02.07  13:58:00	Failure	117.217	0	0	0	533.270	0	158.465	0	41.670	9	10.000	0	7.710	0	17.200	0
2020.02.07  13:59:00	Failure	107.800	0	0	0	534.724	0	173.880	0	41.480	9	10.000	0	7.720	0	17.100	0
2020.02.07  14:00:00	Failure	114.489	0	0	0	542.363	0	166.989	0	41.580	9	10.100	0	7.710	0	17.100	0
2020.02.07  14:01:00	Failure	121.373	0	0	0	542.092	0	157.566	0	41.790	9	10.300	0	7.700	0	17.200	0
2020.02.07  14:02:00	Failure	97.154	0	0	0	496.722	0	158.687	0	42.120	9	10.300	0	7.710	0	17.200	0
2020.02.07  14:03:00	Failure	94.186	0	0	0	500.933	0	165.659	0	42.470	9	10.400	0	7.700	0	17.200	0
2020.02.07  14:04:00	Failure	99.928	0	0	0	509.165	0	162.578	0	42.750	9	10.500	0	7.690	0	17.200	0
2020.02.07  14:05:00	Failure	97.057	0	0	0	501.550	0	152.876	0	42.900	9	10.400	0	7.710	0	17.200	0
2020.02.07  14:06:00	Failure	98.241	0	0	0	507.980	0	154.671	0	43.160	9	10.500	0	7.700	0	17.200	0
2020.02.07  14:07:00	Failure	97.243	0	0	0	500.802	0	159.113	0	43.280	9	10.600	0	7.690	0	17.200	0
2020.02.07  14:08:00	Failure	95.136	0	0	0	499.420	0	162.001	0	43.560	9	10.500	0	7.710	0	17.200	0
2020.02.07  14:09:00	Failure	95.934	0	0	0	496.193	0	157.912	0	43.900	9	10.500	0	7.700	0	17.200	0
2020.02.07  14:10:00	Failure	93.984	0	0	0	494.780	0	154.177	0	43.980	9	10.600	0	7.700	0	17.200	0
2020.02.07  14:11:00	Failure	92.080	0	0	0	493.851	0	168.669	0	43.920	9	10.500	0	7.720	0	17.200	0
2020.02.07  14:12:00	Failure	90.837	0	0	0	493.214	0	165.418	0	43.880	9	10.500	0	7.720	0	17.200	0
2020.02.07  14:13:00	Failure	90.375	0	0	0	486.680	0	176.675	0	43.830	9	10.600	0	7.720	0	17.200	0
2020.02.07  14:14:00	Failure	87.285	0	0	0	484.505	0	168.036	0	43.940	9	10.500	0	7.720	0	17.200	0
2020.02.07  14:15:00	Failure	92.982	0	0	0	487.463	0	147.062	0	44.230	9	10.600	0	7.700	0	17.200	0
2020.02.07  14:16:00	Failure	91.044	0	0	0	491.768	0	153.990	0	44.340	9	10.600	0	7.700	0	17.200	0
2020.02.07  14:17:00	Failure	89.950	0	0	0	495.723	0	151.803	0	44.440	9	10.600	0	7.710	0	17.200	0
2020.02.07  14:18:00	Failure	93.616	0	0	0	496.104	0	160.764	0	44.380	9	10.600	0	7.700	0	17.200	0
2020.02.07  14:19:00	Failure	91.959	0	0	0	501.277	0	160.385	0	44.310	9	10.600	0	7.700	0	17.200	0
2020.02.07  14:20:00	Failure	91.956	0	0	0	500.562	0	149.202	0	44.340	9	10.500	0	7.720	0	17.200	0
2020.02.07  14:21:00	Failure	92.015	0	0	0	498.896	0	162.466	0	44.410	9	10.600	0	7.710	0	17.200	0
2020.02.07  14:22:00	Failure	88.696	0	0	0	487.829	0	166.304	0	44.450	9	10.600	0	7.710	0	17.200	0
2020.02.07  14:23:00	Failure	92.506	0	0	0	492.191	0	153.271	0	44.460	9	10.600	0	7.730	0	17.200	0
2020.02.07  14:24:00	Failure	92.749	0	0	0	495.259	0	164.510	0	44.580	9	10.600	0	7.720	0	17.200	0
2020.02.07  14:25:00	Failure	91.568	0	0	0	481.203	0	167.633	0	44.570	9	10.700	0	7.710	0	17.200	0
2020.02.07  14:26:00	Failure	90.731	0	0	0	482.223	0	157.461	0	44.680	9	10.600	0	7.720	0	17.200	0
2020.02.07  14:27:00	Failure	92.453	0	0	0	484.616	0	165.402	0	44.670	9	10.600	0	7.720	0	17.200	0
2020.02.07  14:28:00	Failure	95.291	0	0	0	495.968	0	152.402	0	44.740	9	10.700	0	7.720	0	17.200	0
2020.02.07  14:29:00	Failure	90.406	0	0	0	499.448	0	146.315	0	44.660	9	10.500	0	7.740	0	17.200	0
2020.02.07  14:30:00	Failure	93.173	0	0	0	496.128	0	164.505	0	44.730	9	10.600	0	7.740	0	17.200	0
2020.02.07  14:31:00	Failure	91.800	0	0	0	484.200	0	161.192	0	44.780	9	10.600	0	7.730	0	17.200	0
2020.02.07  14:32:00	Failure	88.779	0	0	0	489.895	0	167.202	0	44.780	9	10.500	0	7.750	0	17.200	0
2020.02.07  14:33:00	Failure	93.105	0	0	0	488.834	0	167.765	0	44.890	9	10.600	0	7.730	0	17.200	0
2020.02.07  14:34:00	Failure	93.416	0	0	0	483.979	0	153.179	0	44.920	9	10.700	0	7.730	0	17.200	0
2020.02.07  14:35:00	Failure	91.161	0	0	0	491.511	0	151.943	0	44.900	9	10.500	0	7.740	0	17.200	0
2020.02.07  14:36:00	Failure	88.461	0	0	0	487.399	0	164.696	0	44.940	9	10.600	0	7.740	0	17.200	0
2020.02.07  14:37:00	Failure	92.155	0	0	0	491.595	0	163.056	0	45.010	9	10.700	0	7.730	0	17.200	0
2020.02.07  14:38:00	Failure	88.714	0	0	0	478.258	0	142.983	0	44.890	9	10.600	0	7.750	0	17.200	0
2020.02.07  14:39:00	Failure	91.985	0	0	0	488.336	0	154.285	0	45.090	9	10.600	0	7.740	0	17.200	0
2020.02.07  14:40:00	Failure	94.080	0	0	0	496.454	0	163.545	0	45.160	9	10.700	0	7.740	0	17.200	0
2020.02.07  14:41:00	Failure	91.260	0	0	0	498.208	0	176.206	0	45.030	9	10.600	0	7.750	0	17.200	0
2020.02.07  14:42:00	Failure	92.990	0	0	0	492.150	0	166.083	0	45.160	9	10.700	0	7.740	0	17.200	0
2020.02.07  14:43:00	Failure	91.064	0	0	0	490.411	0	154.375	0	45.230	9	10.700	0	7.730	0	17.200	0
2020.02.07  14:44:00	Failure	90.314	0	0	0	486.998	0	157.398	0	44.750	9	10.600	0	7.760	0	17.200	0
2020.02.07  14:45:00	Failure	89.823	0	0	0	478.503	0	169.144	0	45.130	9	10.700	0	7.740	0	17.200	0
2020.02.07  14:46:00	Failure	86.868	0	0	0	488.622	0	172.873	0	45.140	9	10.700	0	7.740	0	17.200	0
2020.02.07  14:47:00	Failure	87.433	0	0	0	485.433	0	160.118	0	44.900	9	10.600	0	7.760	0	17.200	0
2020.02.07  14:48:00	Failure	89.005	0	0	0	490.418	0	174.884	0	45.010	9	10.600	0	7.740	0	17.200	0
2020.02.07  14:49:00	Failure	88.003	0	0	0	485.068	0	154.962	0	45.030	9	10.700	0	7.740	0	17.200	0
2020.02.07  14:50:00	Failure	91.943	0	0	0	483.285	0	161.296	0	44.840	9	10.600	0	7.760	0	17.200	0
2020.02.07  14:51:00	Failure	90.089	0	0	0	485.951	0	157.522	0	45.230	9	10.700	0	7.750	0	17.200	0
2020.02.07  14:52:00	Failure	92.743	0	0	0	496.436	0	169.488	0	45.180	9	10.700	0	7.740	0	17.200	0
2020.02.07  14:53:00	Failure	92.254	0	0	0	491.625	0	155.609	0	44.970	9	10.600	0	7.760	0	17.200	0
2020.02.07  14:54:00	Failure	87.366	0	0	0	485.279	0	162.181	0	45.280	9	10.700	0	7.740	0	17.200	0
2020.02.07  14:55:00	Failure	90.727	0	0	0	494.192	0	154.881	0	45.380	9	10.700	0	7.740	0	17.200	0
2020.02.07  14:56:00	Failure	89.195	0	0	0	487.059	0	169.828	0	44.790	9	10.600	0	7.770	0	17.300	0
2020.02.07  14:57:00	Failure	86.355	0	0	0	488.289	0	164.926	0	45.150	9	10.600	0	7.750	0	17.200	0
2020.02.07  14:58:00	Failure	88.980	0	0	0	499.342	0	174.507	0	45.200	9	10.700	0	7.750	0	17.200	0
2020.02.07  14:59:00	Failure	89.628	0	0	0	485.743	0	168.199	0	45.030	9	10.600	0	7.760	0	17.200	0
2020.02.07  15:00:00	Failure	91.849	0	0	0	499.168	0	171.240	0	45.290	9	10.700	0	7.750	0	17.200	0
2020.02.07  15:01:00	Failure	92.777	0	0	0	500.138	0	162.902	0	45.330	9	10.700	0	7.740	0	17.200	0
2020.02.07  15:02:00	Failure	87.956	0	0	0	481.329	0	162.912	0	44.850	9	10.600	0	7.770	0	17.300	0
2020.02.07  15:03:00	Failure	91.926	0	0	0	493.606	0	179.756	0	45.240	9	10.700	0	7.760	0	17.300	0
2020.02.07  15:04:00	Failure	91.174	0	0	0	488.590	0	158.117	0	45.380	9	10.700	0	7.750	0	17.200	0
2020.02.07  15:05:00	Failure	86.758	0	0	0	479.924	0	148.509	0	44.910	9	10.600	0	7.770	0	17.300	0
2020.02.07  15:06:00	Failure	91.713	0	0	0	492.194	0	153.120	0	45.300	9	10.700	0	7.750	0	17.200	0
2020.02.07  15:07:00	Failure	89.963	0	0	0	485.801	0	147.267	0	45.320	9	10.800	0	7.750	0	17.200	0
2020.02.07  15:08:00	Failure	85.757	0	0	0	479.501	0	159.697	0	44.820	9	10.600	0	7.770	0	17.300	0
2020.02.07  15:09:00	Failure	87.601	0	0	0	488.752	0	156.224	0	45.120	9	10.700	0	7.760	0	17.300	0
2020.02.07  15:10:00	Failure	94.839	0	0	0	492.303	0	153.275	0	45.410	9	10.800	0	7.750	0	17.200	0
2020.02.07  15:11:00	Failure	89.751	0	0	0	485.570	0	147.515	0	44.850	9	10.600	0	7.770	0	17.300	0
2020.02.07  15:12:00	Failure	92.640	0	0	0	500.416	0	168.823	0	45.080	9	10.700	0	7.760	0	17.200	0
2020.02.07  15:13:00	Failure	92.211	0	0	0	498.901	0	173.364	0	45.170	9	10.700	0	7.750	0	17.200	0
2020.02.07  15:14:00	Failure	90.050	0	0	0	490.428	0	151.802	0	45.090	9	10.700	0	7.760	0	17.200	0
2020.02.07  15:15:00	Failure	89.652	0	0	0	489.294	0	164.717	0	45.410	9	10.800	0	7.740	0	17.300	0
2020.02.07  15:16:00	Failure	89.747	0	0	0	477.589	0	155.659	0	45.470	9	10.900	0	7.730	0	17.300	0
2020.02.07  15:17:00	Failure	93.617	0	0	0	495.400	0	161.268	0	45.370	9	10.700	0	7.750	0	17.300	0
2020.02.07  15:18:00	Failure	93.471	0	0	0	492.862	0	158.136	0	45.540	9	10.800	0	7.740	0	17.300	0
2020.02.07  15:19:00	Failure	99.263	0	0	0	498.871	0	142.790	0	45.500	9	10.800	0	7.740	0	17.300	0
2020.02.07  15:20:00	Failure	90.240	0	0	0	490.117	0	176.276	0	45.040	9	10.700	0	7.770	0	17.300	0
2020.02.07  15:21:00	Failure	91.055	0	0	0	495.970	0	162.228	0	45.550	9	10.800	0	7.750	0	17.300	0
2020.02.07  15:22:00	Failure	95.136	0	0	0	496.019	0	166.195	0	45.630	9	10.800	0	7.750	0	17.300	0
2020.02.07  15:23:00	Failure	90.852	0	0	0	492.098	0	169.819	0	45.080	9	10.700	0	7.780	0	17.300	0
2020.02.07  15:24:00	Failure	94.594	0	0	0	487.418	0	162.120	0	45.180	9	10.700	0	7.760	0	17.300	0
2020.02.07  15:25:00	Failure	94.548	0	0	0	500.493	0	153.830	0	45.400	9	10.800	0	7.760	0	17.300	0
2020.02.07  15:26:00	Failure	92.015	0	0	0	507.535	0	159.741	0	45.090	9	10.700	0	7.780	0	17.300	0
2020.02.07  15:27:00	Failure	93.727	0	0	0	499.988	0	158.568	0	45.110	9	10.800	0	7.770	0	17.300	0
2020.02.07  15:28:00	Failure	98.115	0	0	0	508.828	0	158.429	0	45.010	9	10.800	0	7.770	0	17.300	0
2020.02.07  15:29:00	Failure	90.436	0	0	0	484.724	0	163.055	0	44.890	9	10.700	0	7.790	0	17.300	0
2020.02.07  15:30:00	Failure	92.460	0	0	0	495.382	0	174.500	0	44.820	9	10.700	0	7.780	0	17.300	0
2020.02.07  15:31:00	Failure	94.982	0	0	0	495.588	0	152.480	0	44.730	9	10.800	0	7.780	0	17.300	0
2020.02.07  15:32:00	Failure	88.714	0	0	0	486.903	0	161.483	0	44.760	9	10.700	0	7.800	0	17.300	0
2020.02.07  15:33:00	Failure	90.579	0	0	0	502.718	0	189.544	0	44.810	9	10.700	0	7.790	0	17.300	0
2020.02.07  15:34:00	Failure	87.419	0	0	0	494.164	0	169.028	0	44.920	9	10.800	0	7.780	0	17.300	0
2020.02.07  15:35:00	Failure	88.090	0	0	0	482.361	0	149.949	0	44.840	9	10.600	0	7.800	0	17.300	0
2020.02.07  15:36:00	Failure	88.578	0	0	0	492.304	0	171.212	0	44.710	9	10.700	0	7.790	0	17.300	0
2020.02.07  15:37:00	Failure	91.064	0	0	0	492.977	0	173.637	0	44.710	9	10.700	0	7.780	0	17.300	0
2020.02.07  15:38:00	Failure	89.334	0	0	0	489.887	0	157.055	0	44.810	9	10.700	0	7.790	0	17.300	0
2020.02.07  15:39:00	Failure	91.018	0	0	0	495.102	0	167.192	0	44.810	9	10.700	0	7.780	0	17.300	0
2020.02.07  15:40:00	Failure	88.095	0	0	0	480.500	0	154.592	0	44.900	9	10.800	0	7.770	0	17.300	0
2020.02.07  15:41:00	Failure	90.959	0	0	0	496.004	0	158.682	0	44.930	9	10.700	0	7.790	0	17.300	0
2020.02.07  15:42:00	Failure	90.592	0	0	0	485.577	0	153.700	0	44.890	9	10.800	0	7.780	0	17.300	0
2020.02.07  15:43:00	Failure	90.569	0	0	0	486.700	0	162.869	0	44.920	9	10.800	0	7.770	0	17.300	0
2020.02.07  15:44:00	Failure	90.844	0	0	0	484.871	0	156.119	0	44.990	9	10.700	0	7.780	0	17.300	0
2020.02.07  15:45:00	Failure	91.611	0	0	0	485.791	0	155.913	0	45.010	9	10.800	0	7.770	0	17.300	0
2020.02.07  15:46:00	Failure	93.197	0	0	0	490.863	0	161.520	0	45.060	9	10.800	0	7.770	0	17.300	0
2020.02.07  15:47:00	Failure	90.120	0	0	0	480.130	0	152.649	0	45.100	9	10.700	0	7.780	0	17.300	0
2020.02.07  15:48:00	Failure	93.881	0	0	0	489.973	0	135.621	0	45.150	9	10.800	0	7.770	0	17.400	0
2020.02.07  15:49:00	Failure	91.963	0	0	0	490.978	0	158.378	0	45.220	9	10.800	0	7.770	0	17.300	0
2020.02.07  15:50:00	Failure	89.194	0	0	0	485.618	0	140.258	0	45.160	9	10.800	0	7.780	0	17.300	0
2020.02.07  15:51:00	Failure	92.813	0	0	0	496.025	0	156.210	0	45.110	9	10.800	0	7.770	0	17.400	0
2020.02.07  15:52:00	Failure	90.731	0	0	0	485.992	0	157.813	0	45.110	9	10.900	0	7.770	0	17.400	0
2020.02.07  15:53:00	Failure	88.621	0	0	0	489.070	0	156.208	0	45.060	9	10.800	0	7.780	0	17.400	0
2020.02.07  15:54:00	Failure	88.357	0	0	0	486.281	0	151.778	0	45.130	9	10.800	0	7.780	0	17.400	0
2020.02.07  15:55:00	Failure	87.742	0	0	0	477.364	0	161.524	0	45.150	9	10.800	0	7.770	0	17.400	0
2020.02.07  15:56:00	Failure	93.749	0	0	0	499.325	0	164.997	0	45.040	9	10.700	0	7.790	0	17.400	0
2020.02.07  15:57:00	Failure	92.106	0	0	0	499.027	0	163.422	0	44.950	9	10.800	0	7.780	0	17.400	0
2020.02.07  15:58:00	Failure	89.439	0	0	0	482.426	0	159.679	0	44.950	9	10.800	0	7.770	0	17.400	0
2020.02.07  15:59:00	Failure	90.390	0	0	0	498.916	0	174.337	0	44.910	9	10.700	0	7.790	0	17.400	0
2020.02.07  16:00:00	Failure	92.521	0	0	0	491.980	0	162.392	0	44.910	9	10.800	0	7.770	0	17.400	0
2020.02.07  16:01:00	Failure	93.609	0	0	0	501.139	0	160.952	0	44.990	9	10.900	0	7.770	0	17.400	0
2020.02.07  16:02:00	Failure	87.395	0	0	0	489.297	0	153.117	0	45.040	9	10.800	0	7.790	0	17.400	0
2020.02.07  16:03:00	Failure	90.352	0	0	0	501.224	0	144.463	0	44.970	9	10.800	0	7.770	0	17.400	0
2020.02.07  16:04:00	Failure	88.043	0	0	0	486.858	0	153.506	0	45.000	9	10.900	0	7.770	0	17.400	0
2020.02.07  16:05:00	Failure	88.621	0	0	0	489.143	0	159.850	0	44.900	9	10.800	0	7.790	0	17.400	0
2020.02.07  16:06:00	Failure	90.266	0	0	0	493.757	0	168.133	0	44.920	9	10.800	0	7.780	0	17.400	0
2020.02.07  16:07:00	Failure	91.279	0	0	0	499.177	0	172.536	0	45.060	9	10.900	0	7.780	0	17.400	0
2020.02.07  16:08:00	Failure	89.703	0	0	0	484.653	0	154.962	0	45.000	9	10.800	0	7.790	0	17.400	0
2020.02.07  16:09:00	Failure	88.476	0	0	0	483.232	0	155.197	0	44.980	9	10.800	0	7.780	0	17.400	0
2020.02.07  16:10:00	Failure	93.859	0	0	0	486.098	0	158.247	0	45.050	9	10.900	0	7.770	0	17.400	0
2020.02.07  16:11:00	Failure	84.349	0	0	0	485.899	0	160.702	0	45.000	9	10.800	0	7.790	0	17.400	0
2020.02.07  16:12:00	Failure	88.703	0	0	0	495.398	0	160.325	0	45.010	9	10.900	0	7.780	0	17.400	0
2020.02.07  16:13:00	Failure	88.138	0	0	0	481.569	0	170.195	0	45.140	9	10.900	0	7.770	0	17.400	0
2020.02.07  16:14:00	Failure	89.936	0	0	0	491.613	0	149.840	0	45.080	9	10.800	0	7.770	0	17.400	0
2020.02.07  16:15:00	Failure	89.172	0	0	0	490.918	0	150.299	0	45.570	9	10.900	0	7.750	0	17.300	0
2020.02.07  16:16:00	Failure	89.129	0	0	0	484.312	0	163.141	0	45.590	9	11.000	0	7.740	0	17.300	0
2020.02.07  16:17:00	Failure	89.600	0	0	0	477.650	0	156.088	0	45.170	9	10.900	0	7.770	0	17.400	0
2020.02.07  16:18:00	Failure	94.673	0	0	0	495.507	0	159.772	0	45.370	9	10.900	0	7.760	0	17.400	0
2020.02.07  16:19:00	Failure	89.594	0	0	0	490.984	0	160.564	0	45.060	9	10.900	0	7.770	0	17.400	0
2020.02.07  16:20:00	Failure	94.624	0	0	0	502.051	0	164.851	0	45.110	9	10.800	0	7.780	0	17.400	0
2020.02.07  16:21:00	Failure	96.001	0	0	0	493.770	0	149.553	0	44.990	9	10.900	0	7.770	0	17.400	0
2020.02.07  16:22:00	Failure	98.242	0	0	0	497.441	0	161.210	0	45.000	9	10.900	0	7.770	0	17.400	0
2020.02.07  16:23:00	Failure	90.878	0	0	0	495.292	0	162.774	0	45.010	9	10.800	0	7.780	0	17.400	0
2020.02.07  16:24:00	Failure	92.165	0	0	0	489.344	0	149.054	0	44.940	9	10.900	0	7.770	0	17.400	0
2020.02.07  16:25:00	Failure	96.144	0	0	0	508.702	0	166.467	0	44.900	9	10.900	0	7.770	0	17.400	0
2020.02.07  16:26:00	Failure	92.700	0	0	0	492.731	0	154.894	0	44.970	9	10.900	0	7.790	0	17.400	0
2020.02.07  16:27:00	Failure	89.654	0	0	0	483.764	0	157.231	0	44.920	9	10.900	0	7.780	0	17.400	0
2020.02.07  16:28:00	Failure	91.120	0	0	0	486.148	0	158.882	0	44.720	9	10.900	0	7.780	0	17.400	0
2020.02.07  16:29:00	Failure	85.762	0	0	0	480.434	0	161.327	0	44.740	9	10.800	0	7.800	0	17.400	0
2020.02.07  16:30:00	Failure	90.038	0	0	0	466.776	0	144.564	0	44.830	9	10.900	0	7.790	0	17.400	0
2020.02.07  16:31:00	Failure	91.192	0	0	0	482.143	0	163.476	0	44.870	9	10.900	0	7.790	0	17.400	0
2020.02.07  16:32:00	Failure	86.888	0	0	0	485.644	0	154.675	0	44.730	9	10.800	0	7.810	0	17.400	0
2020.02.07  16:33:00	Failure	93.569	0	0	0	494.159	0	154.960	0	44.700	9	10.900	0	7.790	0	17.400	0
2020.02.07  16:34:00	Failure	88.439	0	0	0	483.065	0	148.155	0	44.730	9	10.900	0	7.790	0	17.400	0
2020.02.07  16:35:00	Failure	87.565	0	0	0	492.454	0	147.968	0	44.770	9	10.800	0	7.800	0	17.400	0
2020.02.07  16:36:00	Failure	90.721	0	0	0	480.641	0	152.814	0	44.810	9	10.900	0	7.790	0	17.400	0
2020.02.07  16:37:00	Failure	91.788	0	0	0	485.557	0	158.931	0	44.870	9	10.900	0	7.780	0	17.400	0
2020.02.07  16:38:00	Failure	91.141	0	0	0	484.229	0	155.431	0	44.870	9	10.900	0	7.800	0	17.400	0
2020.02.07  16:39:00	Failure	89.987	0	0	0	488.996	0	150.818	0	44.860	9	10.900	0	7.790	0	17.400	0
2020.02.07  16:40:00	Failure	90.205	0	0	0	480.834	0	156.898	0	44.850	9	10.900	0	7.780	0	17.400	0
2020.02.07  16:41:00	Failure	89.074	0	0	0	478.806	0	156.032	0	44.800	9	10.800	0	7.800	0	17.400	0
2020.02.07  16:42:00	Failure	92.289	0	0	0	479.337	0	143.249	0	44.830	9	10.900	0	7.780	0	17.400	0
2020.02.07  16:43:00	Failure	87.529	0	0	0	487.928	0	164.129	0	44.870	9	11.000	0	7.770	0	17.400	0
2020.02.07  16:44:00	Failure	87.581	0	0	0	479.574	0	151.785	0	44.800	9	10.800	0	7.790	0	17.400	0
2020.02.07  16:45:00	Failure	88.582	0	0	0	479.493	0	159.888	0	44.770	9	10.900	0	7.780	0	17.400	0
2020.02.07  16:46:00	Failure	88.898	0	0	0	487.023	0	154.893	0	44.870	9	10.900	0	7.780	0	17.400	0
2020.02.07  16:47:00	Failure	90.557	0	0	0	481.243	0	157.163	0	44.820	9	10.800	0	7.790	0	17.400	0
2020.02.07  16:48:00	Failure	88.608	0	0	0	483.060	0	156.445	0	44.790	9	10.900	0	7.790	0	17.400	0
2020.02.07  16:49:00	Failure	87.086	0	0	0	469.020	0	160.406	0	44.880	9	10.900	0	7.780	0	17.400	0
2020.02.07  16:50:00	Failure	86.293	0	0	0	480.897	0	154.491	0	44.730	9	10.800	0	7.800	0	17.400	0
2020.02.07  16:51:00	Failure	89.900	0	0	0	485.373	0	153.666	0	44.620	9	10.900	0	7.790	0	17.400	0
2020.02.07  16:52:00	Failure	90.093	0	0	0	484.589	0	157.096	0	44.610	9	10.900	0	7.780	0	17.400	0
2020.02.07  16:53:00	Failure	88.820	0	0	0	485.328	0	158.120	0	44.710	9	10.900	0	7.800	0	17.400	0
2020.02.07  16:54:00	Failure	89.243	0	0	0	473.723	0	151.243	0	44.660	9	10.900	0	7.790	0	17.400	0
2020.02.07  16:55:00	Failure	88.871	0	0	0	481.923	0	155.354	0	44.690	9	11.000	0	7.780	0	17.400	0
2020.02.07  16:56:00	Failure	90.186	0	0	0	485.049	0	155.567	0	44.790	9	10.900	0	7.790	0	17.400	0
2020.02.07  16:57:00	Failure	92.355	0	0	0	488.704	0	148.174	0	44.780	9	10.900	0	7.790	0	17.400	0
2020.02.07  16:58:00	Failure	93.659	0	0	0	482.741	0	151.686	0	44.760	9	11.000	0	7.780	0	17.400	0
2020.02.07  16:59:00	Failure	85.636	0	0	0	475.465	0	145.758	0	44.780	9	10.900	0	7.800	0	17.400	0
2020.02.07  17:00:00	Failure	89.117	0	0	0	484.935	0	154.703	0	44.800	9	10.900	0	7.790	0	17.400	0
2020.02.07  17:01:00	Failure	90.685	0	0	0	484.033	0	147.614	0	44.810	9	11.000	0	7.780	0	17.400	0
2020.02.07  17:02:00	Failure	86.918	0	0	0	481.119	0	160.931	0	44.630	9	10.900	0	7.800	0	17.400	0
2020.02.07  17:03:00	Failure	89.731	0	0	0	485.176	0	164.725	0	44.630	9	10.900	0	7.790	0	17.400	0
2020.02.07  17:04:00	Failure	89.769	0	0	0	488.084	0	153.157	0	44.700	9	11.000	0	7.790	0	17.500	0
2020.02.07  17:05:00	Failure	88.800	0	0	0	487.898	0	150.374	0	44.650	9	10.900	0	7.800	0	17.400	0
2020.02.07  17:06:00	Failure	90.275	0	0	0	482.797	0	150.067	0	44.490	9	10.900	0	7.780	0	17.500	0
2020.02.07  17:07:00	Failure	90.603	0	0	0	481.333	0	156.995	0	44.560	9	11.000	0	7.780	0	17.500	0
2020.02.07  17:08:00	Failure	87.300	0	0	0	472.314	0	156.629	0	44.470	9	10.900	0	7.810	0	17.400	0
2020.02.07  17:09:00	Failure	87.876	0	0	0	477.733	0	154.135	0	44.330	9	11.000	0	7.790	0	17.500	0
2020.02.07  17:10:00	Failure	87.091	0	0	0	474.839	0	152.726	0	44.320	9	11.000	0	7.790	0	17.500	0
2020.02.07  17:11:00	Failure	88.327	0	0	0	467.811	0	153.194	0	44.440	9	10.900	0	7.800	0	17.400	0
2020.02.07  17:12:00	Failure	113.600	0	0	0	500.974	0	153.021	0	44.420	9	11.000	0	7.780	0	17.500	0
2020.02.07  17:13:00	Failure	91.399	0	0	0	484.442	0	158.218	0	44.440	9	11.000	0	7.780	0	17.500	0
2020.02.07  17:14:00	Failure	86.378	0	0	0	467.098	0	143.543	0	44.600	9	11.000	0	7.780	0	17.500	0
2020.02.07  17:15:00	Failure	84.023	0	0	0	482.762	0	165.830	0	45.110	9	11.100	0	7.750	0	17.400	0
2020.02.07  17:16:00	Failure	84.471	0	0	0	474.277	0	154.893	0	45.230	9	11.100	0	7.750	0	17.400	0
2020.02.07  17:17:00	Failure	87.392	0	0	0	481.893	0	149.132	0	44.610	9	11.000	0	7.780	0	17.500	0
2020.02.07  17:18:00	Failure	84.989	0	0	0	476.492	0	152.773	0	44.520	9	11.000	0	7.770	0	17.500	0
2020.02.07  17:19:00	Failure	89.384	0	0	0	469.605	0	142.029	0	44.410	9	11.000	0	7.770	0	17.500	0
2020.02.07  17:20:00	Failure	87.372	0	0	0	483.467	0	160.234	0	44.400	9	10.900	0	7.790	0	17.500	0
2020.02.07  17:21:00	Failure	88.036	0	0	0	467.304	0	158.810	0	44.370	9	11.000	0	7.780	0	17.500	0
2020.02.07  17:22:00	Failure	90.591	0	0	0	471.492	0	150.727	0	44.420	9	11.000	0	7.770	0	17.500	0
2020.02.07  17:23:00	Failure	86.446	0	0	0	475.920	0	164.786	0	44.480	9	10.900	0	7.790	0	17.500	0
2020.02.07  17:24:00	Failure	90.807	0	0	0	476.980	0	168.628	0	44.470	9	11.000	0	7.780	0	17.500	0
2020.02.07  17:25:00	Failure	91.541	0	0	0	489.467	0	150.251	0	44.510	9	11.000	0	7.780	0	17.500	0
2020.02.07  17:26:00	Failure	83.740	0	0	0	467.633	0	163.884	0	44.560	9	11.000	0	7.790	0	17.500	0
2020.02.07  17:27:00	Failure	87.091	0	0	0	471.279	0	156.325	0	44.500	9	11.000	0	7.780	0	17.500	0
2020.02.07  17:28:00	Failure	88.444	0	0	0	484.529	0	162.302	0	44.470	9	11.100	0	7.770	0	17.500	0
